2.43071
2.4455
2.46035
2.47526
2.49024
2.50527
2.52036
2.53551
2.55073
2.566
2.58133
2.59673
2.61218
2.62769
2.64326
2.6589
2.67459
2.69034
2.70615
2.72203
2.73796
2.75395
2.77
2.78611
2.80228
2.81851
2.8348
2.85115
2.86756
2.88403
2.90055
2.91714
2.93378
2.95049
2.96725
2.98407
3.00095
3.01789
3.03489
3.05195
3.06906
3.08624
3.10347
3.12076
3.13811
3.15551
3.17298
3.1905
3.20808
3.22572
3.24341
3.26116
3.27897
3.29684
3.31476
3.33274
3.35078
3.36888
3.38703
3.40523
3.42349
3.44181
3.46019
3.47862
3.4971
3.51565
3.53424
3.55289
3.5716
3.59036
3.60918
3.62805
3.64697
3.66595
3.68498
3.70407
3.72321
3.7424
3.76165
3.78095
3.8003
3.81971
3.83916
3.85867
3.87823
3.89785
3.91751
3.93723
3.95699
3.97681
3.99668
4.01659
4.03656
4.05658
4.07665
4.09677
4.11693
4.13715
4.15741
4.17772
4.19808
4.21849
4.23895
4.25945
4.28
4.3006
4.32124
4.34193
4.36267
4.38345
4.40427
4.42515
4.44606
4.46702
4.48803
4.50908
4.53017
4.55131
4.57248
4.59371
4.61497
4.63628
4.65762
4.67901
4.70044
4.72191
4.74342
4.76497
4.78656
4.80819
4.82986
4.85157
4.87331
4.89509
4.91691
4.93877
4.96067
4.9826
5.00456
5.02657
5.0486
5.07068
5.09278
5.11492
5.1371
5.15931
5.18155
5.20382
5.22613
5.24846
5.27083
5.29323
5.31566
5.33812
5.36061
5.38313
5.40568
5.42825
5.45086
5.47349
5.49615
5.51883
5.54154
5.56428
5.58704
5.60983
5.63264
5.65548
5.67833
5.70121
5.72412
5.74704
5.76999
5.79296
5.81595
5.83896
5.86199
5.88504
5.9081
5.93119
5.95429
5.97741
6.00055
6.0237
6.04687
6.07005
6.09325
6.11646
6.13969
6.16293
6.18618
6.20945
6.23272
6.25601
6.27931
6.30261
6.32593
6.34926
6.37259
6.39593
6.41928
6.44264
6.466
6.48937
6.51274
6.53612
6.5595
6.58289
6.60628
6.62967
6.65306
6.67645
6.69985
6.72324
6.74664
6.77003
6.79342
6.81681
6.8402
6.86358
6.88696
6.91034
6.93371
6.95707
6.98043
7.00378
7.02712
7.05046
7.07378
7.0971
7.12041
7.14371
7.16699
7.19027
7.21353
7.23678
7.26001
7.28324
7.30644
7.32963
7.35281
7.37597
7.39911
7.42224
7.44534
7.46843
7.4915
7.51454
7.53757
7.56058
7.58356
7.60652
7.62945
7.65237
7.67525
7.69812
7.72095
7.74376
7.76655
7.7893
7.81203
7.83473
7.85739
7.88003
7.90264
7.92521
7.94775
7.97026
7.99274
8.01518
8.03759
8.05996
8.0823
8.10459
8.12685
8.14908
8.17126
8.19341
8.21551
8.23758
8.2596
8.28158
8.30352
8.32541
8.34726
8.36907
8.39083
8.41255
8.43422
8.45584
8.47741
8.49894
8.52041
8.54184
8.56322
8.58454
8.60581
8.62704
8.6482
8.66932
8.69038
8.71138
8.73233
8.75323
8.77406
8.79484
8.81556
8.83623
8.85683
8.87737
8.89786
8.91828
8.93864
8.95893
8.97916
8.99933
9.01944
9.03948
9.05945
9.07936
9.0992
9.11897
9.13868
9.15831
9.17788
9.19737
9.2168
9.23615
9.25543
9.27464
9.29377
9.31284
9.33182
9.35073
9.36957
9.38833
9.40701
9.42562
9.44414
9.46259
9.48096
9.49925
9.51745
9.53558
9.55363
9.57159
9.58947
9.60726
9.62498
9.6426
9.66014
9.6776
9.69497
9.71225
9.72944
9.74655
9.76357
9.78049
9.79733
9.81408
9.83074
9.8473
9.86377
9.88015
9.89644
9.91263
9.92873
9.94473
9.96064
9.97645
9.99217
10.0078
10.0233
10.0387
10.0541
10.0693
10.0844
10.0994
10.1143
10.1292
10.1439
10.1585
10.173
10.1874
10.2017
10.2159
10.23
10.244
10.2579
10.2717
10.2854
10.299
10.3124
10.3258
10.339
10.3521
10.3652
10.3781
10.3909
10.4036
10.4162
10.4286
10.441
10.4532
10.4654
10.4774
10.4893
10.5011
10.5128
10.5243
10.5358
10.5471
10.5583
10.5694
10.5804
10.5912
10.602
10.6126
10.6231
10.6335
10.6438
10.6539
10.6639
10.6739
10.6836
10.6933
10.7028
10.7123
10.7216
10.7307
10.7398
10.7487
10.7575
10.7662
10.7748
10.7832
10.7915
10.7997
10.8078
10.8157
10.8235
10.8312
10.8387
10.8462
10.8535
10.8606
10.8677
10.8746
10.8814
10.8881
10.8946
10.901
10.9073
10.9134
10.9194
10.9253
10.9311
10.9367
10.9422
10.9476
10.9528
10.9579
10.9629
10.9677
10.9724
10.977
10.9815
10.9858
10.9899
10.994
10.9979
11.0017
11.0054
11.0089
11.0123
11.0155
11.0186
11.0216
11.0245
11.0272
11.0298
11.0322
11.0346
11.0367
11.0388
11.0407
11.0425
11.0441
11.0457
11.047
11.0483
11.0494
11.0504
11.0512
11.0519
11.0525
11.0529
11.0532
11.0534
11.0534
11.0533
11.0531
11.0527
11.0522
11.0516
11.0508
11.0499
11.0489
11.0477
11.0464
11.0449
11.0434
11.0416
11.0398
11.0378
11.0357
11.0335
11.0311
11.0286
11.0259
11.0231
11.0202
11.0172
11.014
11.0106
11.0072
11.0036
10.9999
10.996
10.9921
10.988
10.9837
10.9793
10.9748
10.9702
10.9654
10.9605
10.9555
10.9503
10.945
10.9396
10.934
10.9283
10.9225
10.9166
10.9105
10.9043
10.8979
10.8915
10.8849
10.8781
10.8713
10.8643
10.8572
10.85
10.8426
10.8351
10.8275
10.8198
10.8119
10.8039
10.7958
10.7875
10.7792
10.7707
10.7621
10.7533
10.7445
10.7355
10.7263
10.7171
10.7078
10.6983
10.6887
10.6789
10.6691
10.6591
10.6491
10.6388
10.6285
10.6181
10.6075
10.5968
10.586
10.5751
10.5641
10.5529
10.5417
10.5303
10.5188
10.5072
10.4954
10.4836
10.4716
10.4595
10.4474
10.4351
10.4227
10.4101
10.3975
10.3847
10.3719
10.3589
10.3458
10.3327
10.3194
10.306
10.2924
10.2788
10.2651
10.2513
10.2373
10.2233
10.2091
10.1949
10.1805
10.1661
10.1515
10.1368
10.1221
10.1072
10.0922
10.0771
10.062
10.0467
10.0313
10.0159
10.0003
9.98463
9.96887
9.95301
9.93705
9.921
9.90486
9.88862
9.87229
9.85587
9.83935
9.82274
9.80604
9.78925
9.77237
9.7554
9.73834
9.72119
9.70395
9.68663
9.66922
9.65172
9.63414
9.61647
9.59872
9.58089
9.56297
9.54496
9.52688
9.50871
9.49047
9.47214
9.45373
9.43525
9.41668
9.39804
9.37932
9.36053
9.34165
9.32271
9.30368
9.28459
9.26542
9.24617
9.22686
9.20747
9.18801
9.16848
9.14888
9.12921
9.10948
9.08967
9.0698
9.04986
9.02985
9.00978
8.98965
8.96945
8.94918
8.92886
8.90847
8.88802
8.86751
8.84694
8.8263
8.80561
8.78486
8.76406
8.74319
8.72227
8.7013
8.68026
8.65918
8.63804
8.61684
8.5956
8.5743
8.55295
8.53155
8.5101
8.4886
8.46705
8.44545
8.42381
8.40212
8.38038
8.35859
8.33677
8.31489
8.29298
8.27102
8.24902
8.22698
8.20489
8.18277
8.1606
8.1384
8.11616
8.09388
8.07157
8.04921
8.02682
8.0044
7.98194
7.95945
7.93692
7.91437
7.89178
7.86916
7.8465
7.82382
7.80111
7.77837
7.7556
7.7328
7.70998
7.68713
7.66426
7.64136
7.61843
7.59549
7.57252
7.54952
7.52651
7.50347
7.48041
7.45734
7.43424
7.41113
7.38799
7.36484
7.34167
7.31849
7.29529
7.27208
7.24885
7.22561
7.20235
7.17908
7.1558
7.13251
7.10921
7.0859
7.06257
7.03924
7.0159
6.99256
6.9692
6.94584
6.92247
6.8991
6.87573
6.85234
6.82896
6.80557
6.78218
6.75879
6.73539
6.712
6.68861
6.66521
6.64182
6.61843
6.59504
6.57165
6.54827
6.52489
6.50151
6.47814
6.45477
6.43141
6.40806
6.38471
6.36138
6.33805
6.31472
6.29141
6.26811
6.24482
6.22153
6.19826
6.17501
6.15176
6.12853
6.10531
6.0821
6.05891
6.03573
6.01257
5.98943
5.9663
5.94319
5.92009
5.89702
5.87396
5.85092
5.8279
5.8049
5.78192
5.75896
5.73602
5.71311
5.69022
5.66734
5.6445
5.62167
5.59887
5.5761
5.55335
5.53062
5.50793
5.48525
5.46261
5.43999
5.4174
5.39484
5.3723
5.3498
5.32732
5.30488
5.28246
5.26008
5.23772
5.2154
5.19311
5.17085
5.14863
5.12644
5.10428
5.08215
5.06006
5.03801
5.01599
4.994
4.97205
4.95014
4.92826
4.90642
4.88462
4.86286
4.84113
4.81944
4.79779
4.77618
4.75461
4.73308
4.71159
4.69014
4.66873
4.64736
4.62603
4.60475
4.5835
4.5623
4.54114
4.52003
4.49896
4.47793
4.45694
4.436
4.41511
4.39426
4.37346
4.3527
4.33198
4.31131
4.29069
4.27012
4.24959
4.22911
4.20868
4.18829
4.16796
4.14767
4.12743
4.10723
4.08709
4.067
4.04695
4.02696
4.00702
3.98712
3.96728
3.94749
3.92774
3.90805
3.88841
3.86883
3.84929
3.82981
3.81037
3.79099
3.77167
3.75239
3.73317
3.71401
3.69489
3.67583
3.65682
3.63787
3.61897
3.60013
3.58134
3.5626
3.54392
3.5253
3.50673
3.48821
3.46975
3.45135
3.433
3.41471
3.39647
3.3783
3.36017
3.34211
3.3241
3.30614
3.28825
3.27041
3.25263
3.2349
3.21723
3.19962
3.18207
3.16458
3.14714
3.12976
3.11244
3.09518
3.07798
3.06083
3.04374
3.02672
3.00975
2.99283
2.97598
2.95919
2.94245
2.92578
2.90916
2.8926
2.8761
2.85967
2.84329
2.82697
2.8107
2.7945
2.77836
2.76228
2.74626
2.73029
2.71439
2.69855
2.68276
2.66704
2.65138
2.63577
2.62023
2.60474
2.58932
2.57396
2.55865
2.54341
2.52822
2.5131
2.49804
2.48303
2.46809
2.45321
2.43838
2.42362
2.40891
