-19660.2
-8710.22
-8710.22
-4120.4
-3640.78
-2006.14
-1885.22
-1778.05
-1596.54
-1448.65
-1133.62
-1057
-959.703
-931.133
-832.052
-790.02
-657.218
-606.262
-552.696
-533.83
-533.83
-499.715
-462.748
-419.322
-413.775
-397.98
-388.103
-383.347
-337.804
-334.195
-320.497
-304.877
-299.047
-296.215
-285.403
-277.799
-272.95
-263.744
-255.138
-255.138
-251.042
-247.076
-243.233
-241.356
-237.688
-230.676
-225.683
-207.699
-206.329
-201.025
-199.741
-197.222
-192.37
-187.751
-187.751
-183.349
-179.148
-178.128
-177.119
-175.135
-174.16
-174.16
-170.366
-165.849
-164.974
-155.927
-153.63
-151.399
-149.232
-147.821
-147.126
-147.126
-147.126
-145.755
-143.745
-141.15
-138.036
-132.762
-132.201
-129.465
-128.402
-127.877
-127.356
-122.374
-121.424
-119.111
-116.019
-114.322
-113.906
-113.082
-112.675
-112.271
-111.47
-109.137
-108.757
-104.751
-104.054
-103.025
-103.025
-102.687
-102.017
-102.017
-98.4839
-98.1748
-96.6578
-96.36
-95.7699
-94.6112
-94.3258
-93.4801
-91.2972
-91.2972
-90.5047
-90.2435
-89.7258
-89.7258
-87.7128
-87.7128
-86.4999
-85.088
-84.1721
-84.1721
-84.1721
-83.9462
-82.8346
-79.6697
-79.4673
-79.4673
-79.2659
-79.2659
-79.2659
-78.8661
-78.0786
-77.8842
-77.8842
-77.6908
-77.3067
-77.3067
-76.7377
-76.177
-75.2605
-74.5431
-74.1894
-74.1894
-72.3029
-71.9702
-71.1516
-71.1516
-70.9901
-70.9901
-70.8293
-70.8293
-70.3514
-70.3514
-69.1079
-67.7604
-67.4681
-67.0343
-66.606
-66.4645
-66.3236
-66.0435
-64.6778
-64.4114
-64.4114
-63.7549
-63.6252
-63.2393
-62.2327
-62.1091
-61.7413
-60.3126
-59.6228
-59.5094
-59.2838
-58.6172
-58.3983
-58.073
-57.7513
-57.3279
-57.223
-56.1949
-55.6946
-55.497
-55.3987
-55.3007
-54.9124
-54.4345
-54.34
-53.6871
-53.5034
-52.5152
-51.8192
-51.6481
-51.3091
-51.1414
-51.0579
-51.0579
-50.9747
-50.1572
-49.8375
-49.6792
-49.2878
-49.2103
-48.5986
-48.5232
-48.2984
-48.1497
-47.855
-47.7819
-47.1338
-45.5549
-45.4226
-45.2256
-45.1603
-45.0302
-44.9655
-44.9009
-44.8366
-44.7084
-44.4542
-44.3911
-44.2655
-44.0783
-44.0163
-43.8928
-43.7088
-43.3453
-43.3453
-43.2853
-43.2255
-42.87
-42.5204
-42.2904
-42.2904
-41.7262
-41.6706
-41.5599
-41.5047
-41.5047
-41.4497
-41.3949
-41.2312
-41.1769
-40.8009
-40.7477
-40.6947
-40.3795
-40.3795
-40.3274
-40.172
-40.1205
-40.1205
-40.1205
-40.0691
-40.0691
-39.5623
-39.166
-39.117
-39.0194
-38.9708
-38.8257
-38.7295
-38.7295
-38.5386
-37.7024
-37.5215
-37.5215
-37.2978
-37.2978
-37.2091
-37.1207
-36.989
-36.989
-36.989
-36.6424
-36.5567
-36.1344
-35.8856
-35.7217
-35.5189
-35.4786
-35.4384
-35.3583
-35.3583
-35.1991
-35.1595
-35.0807
-34.963
-34.924
-34.5383
-34.4622
-34.4243
-33.8652
-33.7192
-33.5384
-33.324
-33.2885
-33.2531
-33.2178
-33.1826
-33.1123
-32.7654
-32.7654
-32.6628
-32.5947
-32.5269
-32.4258
-32.2918
-32.2585
-32.093
-32.0273
-32.0273
-31.9946
-31.9619
-31.7671
-31.6706
-31.5111
-31.4793
-31.4477
-31.0728
-31.042
-31.042
-31.042
-30.9805
-30.8887
-30.7369
-30.7067
-30.2904
-30.2027
-30.1735
-30.0864
-29.8852
-29.8852
-29.7714
-29.7714
-29.7431
-29.6024
-29.5464
-29.3523
-29.3248
-29.2699
-28.8914
-28.8914
-28.7851
-28.7322
-28.7058
-28.627
-28.5747
-28.4966
-28.4966
-28.3674
-28.3417
-28.2138
-28.1884
-28.1884
-27.9866
-27.7138
-27.6893
-27.6893
-27.616
-27.5916
-27.4223
-27.3503
-27.3026
-27.2313
-27.1839
-27.0429
-27.0196
-26.9962
-26.973
-26.973
-26.8802
-26.8111
-26.7652
-26.6967
-26.6967
-26.6512
-26.6285
-26.6058
-26.6058
-26.5832
-26.5832
-26.5156
-26.4707
-26.4484
-26.4037
-26.2927
-26.1171
-26.1171
-26.1171
-26.0953
-26.0301
-25.9869
-25.8153
-25.7304
-25.667
-25.625
-25.625
-25.5413
-25.4581
-25.4374
-25.3549
-25.2934
-25.2934
-25.2322
-25.2118
-25.1308
-25.1106
-25.0905
-25.0303
-24.871
-24.7529
-24.7138
-24.7138
-24.5393
-24.4817
-24.4053
-24.3863
-24.3673
-24.3483
-24.2163
-24.1229
-24.0858
-24.0488
-24.0118
-23.9567
-23.8653
-23.7746
-23.7205
-23.7025
-23.6666
-23.6487
-23.6309
-23.5065
-23.4185
-23.4185
-23.3486
-23.2964
-23.2791
-23.1928
-23.1413
-22.9714
-22.9545
-22.9545
-22.8706
-22.8539
-22.8205
-22.7873
-22.7211
-22.6552
-22.5572
-22.3957
-22.3317
-22.3158
-22.2681
-22.2049
-22.2049
-22.1577
-22.1107
-22.0484
-22.0173
-21.9864
-21.9864
-21.9709
-21.894
-21.8481
-21.6515
-21.6365
-21.6216
-21.6216
-21.3851
-21.3704
-21.3559
-21.3413
-21.2687
-21.1823
-21.0966
-21.0257
-21.0115
-20.9974
-20.8435
-20.7743
-20.7192
-20.7192
-20.7055
-20.6918
-20.6918
-20.6509
-20.6236
-20.5829
-20.5558
-20.5423
-20.4617
-20.395
-20.3817
-20.3552
-20.3419
-20.3155
-20.2629
-20.2498
-20.2236
-20.1844
-20.1584
-20.1195
-20.0807
-20.0679
-20.0037
-19.9526
-19.9145
-19.8766
-19.8639
-19.8262
-19.8011
-19.776
-19.6765
-19.6518
-19.5902
-19.5902
-19.5535
-19.5291
-19.5047
-19.4804
-19.4441
-19.432
-19.4079
-19.3959
-19.312
-19.3001
-19.2882
-19.2763
-19.1935
-19.1818
-19.17
-19.1348
-18.8807
-18.8352
-18.8352
-18.8239
-18.8013
-18.79
-18.7562
-18.7337
-18.6221
-18.5449
-18.403
-18.3922
-18.3061
-18.274
-18.2633
-18.2314
-18.2208
-18.2102
-18.1996
-18.1784
-18.1678
-18.1678
-18.1678
-18.1678
-18.1573
-18.1468
-18.1152
-18.0213
-18.0109
-17.8669
-17.8058
-17.7452
-17.7051
-17.695
-17.6252
-17.5856
-17.5363
-17.5167
-17.458
-17.4288
-17.4191
-17.3804
-17.3226
-17.2748
-17.2557
-17.1894
-17.0954
-17.0861
-17.0674
-17.0581
-17.021
-16.9197
-16.9014
-16.8923
-16.8468
-16.8468
-16.7835
-16.7565
-16.7386
-16.7296
-16.6584
-16.6318
-16.5701
-16.5176
-16.5089
-16.5002
-16.4136
-16.3792
-16.3194
-16.3194
-16.2939
-16.2769
-16.2685
-16.2431
-16.2263
-16.2094
-16.1675
-16.1259
-16.1176
-16.0927
-16.0927
-16.0679
-16.0021
-15.9288
-15.9207
-15.9207
-15.8883
-15.8883
-15.824
-15.808
-15.7523
-15.7523
-15.7206
-15.6969
-15.6891
-15.6264
-15.5874
-15.5874
-15.5332
-15.5024
-15.5024
-15.4718
-15.4488
-15.426
-15.4184
-15.4032
-15.3503
-15.3202
-15.3127
-15.3127
-15.3127
-15.2679
-15.2085
-15.2085
-15.1863
-15.1495
-15.1495
-15.0838
-15.0838
-15.062
-15.0547
-15.033
-15.0042
-14.9254
-14.8687
-14.8687
-14.8616
-14.8475
-14.8404
-14.8264
-14.7495
-14.7425
-14.7217
-14.7148
-14.7079
-14.6734
-14.6665
-14.6596
-14.639
-14.5776
-14.564
-14.564
-14.537
-14.51
-14.4697
-14.463
-14.4164
-14.3964
-14.3766
-14.3043
-14.2782
-14.2716
-14.2456
-14.2392
-14.2392
-14.2004
-14.1939
-14.1875
-14.1746
-14.1362
-14.1234
-14.098
-14.0599
-14.0536
-14.0095
-13.9907
-13.9782
-13.9347
-13.9099
-13.8975
-13.8728
-13.8667
-13.8421
-13.7994
-13.7994
-13.7751
-13.7751
-13.7509
-13.7388
-13.7027
-13.631
-13.6251
-13.6191
-13.6014
-13.5542
-13.5483
-13.5249
-13.5249
-13.5132
-13.5074
-13.4957
-13.4725
-13.4551
-13.4205
-13.4147
-13.4089
-13.3917
-13.1996
-13.1607
-13.1552
-13.111
-13.0891
-13.0891
-13.0727
-13.0672
-13.0346
-13.0074
-12.9912
-12.9858
-12.9589
-12.9482
-12.9161
-12.9055
-12.8789
-12.8683
-12.8419
-12.8366
-12.8208
-12.8051
-12.7998
-12.7633
-12.7633
-12.7581
-12.7529
-12.7373
-12.7218
-12.7166
-12.7011
-12.6446
-12.6395
-12.6293
-12.614
-12.6038
-12.5886
-12.5785
-12.5785
-12.5533
-12.5331
-12.5281
-12.4881
-12.4632
-12.4483
-12.4286
-12.4286
-12.3843
-12.3843
-12.3794
-12.3598
-12.35
-12.35
-12.3354
-12.316
-12.3063
-12.3015
-12.2918
-12.2821
-12.2677
-12.215
-12.215
-12.1912
-12.1817
-12.1533
-12.1486
-12.1486
-12.1486
-12.0969
-12.0829
-12.0642
-12.0456
-12.041
-12.004
-11.9765
-11.9673
-11.9673
-11.9262
-11.9126
-11.9035
-11.899
-11.8854
-11.8674
-11.8629
-11.8539
-11.8494
-11.827
-11.8136
-11.8136
-11.8002
-11.778
-11.7736
-11.7736
-11.7559
-11.7426
-11.7294
-11.7162
-11.7119
-11.6943
-11.6943
-11.6856
-11.6769
-11.6769
-11.6769
-11.6638
-11.6464
-11.6464
-11.6464
-11.6119
-11.6075
-11.6075
-11.5946
-11.5818
-11.5518
-11.5476
-11.5263
-11.4587
-11.4294
-11.4252
-11.4252
-11.4127
-11.4086
-11.3919
-11.3919
-11.3712
-11.3506
-11.3506
-11.3424
-11.3014
-11.281
-11.2769
-11.2729
-11.2647
-11.2566
-11.2526
-11.2163
-11.2123
-11.2082
-11.2042
-11.1642
-11.1404
-11.1364
-11.1364
-11.1206
-11.1166
-11.1127
-11.093
-11.093
-11.0772
-11.0655
-11.0577
-11.0459
-11.0304
-11.0265
-11.0226
-10.9955
-10.9955
-10.9916
-10.9762
-10.9569
-10.9531
-10.9111
-10.9073
-10.8921
-10.8769
-10.8694
-10.8543
-10.843
-10.8392
-10.8392
-10.8355
-10.8018
-10.7498
-10.7424
-10.7424
-10.7351
-10.7057
-10.6837
-10.6837
-10.6764
-10.6582
-10.6582
-10.5933
-10.5861
-10.5789
-10.5682
-10.5682
-10.5646
-10.5575
-10.5575
-10.5504
-10.5185
-10.5079
-10.5079
-10.5008
-10.4938
-10.4938
-10.4902
-10.4867
-10.4692
-10.4692
-10.4657
-10.4587
-10.4552
-10.4552
-10.4238
-10.4169
-10.4134
-10.3788
-10.3788
-10.372
-10.372
-10.3479
-10.3411
-10.3377
-10.3343
-10.3343
-10.3172
-10.3138
-10.2968
-10.2867
-10.2799
-10.2732
-10.2631
-10.253
-10.2429
-10.2395
-10.2395
-10.2395
-10.2328
-10.2328
-10.2295
-10.2061
-10.2061
-10.2028
-10.1995
-10.1895
-10.1531
-10.1498
-10.1203
-10.1104
-10.1039
-10.0974
-10.0584
-10.052
-10.0455
-10.0391
-9.99734
-9.99415
-9.98458
-9.95914
-9.9528
-9.94964
-9.94964
-9.93699
-9.93068
-9.92123
-9.90239
-9.89925
-9.89299
-9.88049
-9.85248
-9.84938
-9.84938
-9.84628
-9.84008
-9.84008
-9.82463
-9.81538
-9.8
-9.79386
-9.78773
-9.78773
-9.76329
-9.76329
-9.76329
-9.76329
-9.75112
-9.73897
-9.72383
-9.70272
-9.69971
-9.6967
-9.6937
-9.69069
-9.68769
-9.68469
-9.68169
-9.67271
-9.66673
-9.66375
-9.62805
-9.62212
-9.61917
-9.6103
-9.60735
-9.6044
-9.5985
-9.58673
-9.56914
-9.56621
-9.53995
-9.53123
-9.52832
-9.52542
-9.52252
-9.50805
-9.50227
-9.49074
-9.49074
-9.46203
-9.44774
-9.43918
-9.42496
-9.42212
-9.41645
-9.41361
-9.41078
-9.40795
-9.38255
-9.37131
-9.3657
-9.36009
-9.36009
-9.35449
-9.3489
-9.34611
-9.34331
-9.33773
-9.30994
-9.30994
-9.28507
-9.26307
-9.24937
-9.23844
-9.23844
-9.23844
-9.21395
-9.20311
-9.19499
-9.18689
-9.1788
-9.10929
-9.10664
-9.10399
-9.10134
-9.09076
-9.08284
-9.07494
-9.0723
-9.06967
-9.05917
-9.05654
-9.0513
-9.04084
-9.04084
-9.02779
-9.01738
-9.0044
-8.99145
-8.99145
-8.98113
-8.9734
-8.97082
-8.94773
-8.94517
-8.91711
-8.91457
-8.90949
-8.89429
-8.89176
-8.88924
-8.88167
-8.87662
-8.87411
-8.87411
-8.85401
-8.849
-8.84149
-8.82652
-8.82155
-8.81657
-8.80664
-8.80416
-8.80416
-8.78932
-8.77699
-8.7696
-8.75488
-8.74998
-8.74264
-8.72313
-8.71584
-8.70371
-8.69645
-8.67234
-8.66754
-8.66273
-8.66034
-8.66034
-8.65315
-8.64597
-8.63642
-8.62452
-8.61976
-8.61976
-8.61976
-8.6079
-8.58192
-8.58192
-8.57957
-8.57251
-8.56547
-8.56312
-8.56078
-8.55376
-8.54441
-8.54208
-8.53043
-8.5281
-8.52578
-8.52113
-8.51881
-8.50954
-8.50954
-8.50954
-8.49567
-8.49337
-8.49106
-8.48876
-8.48185
-8.47495
-8.47495
-8.47495
-8.46578
-8.45891
-8.45662
-8.45434
-8.45205
-8.45205
-8.45205
-8.44977
-8.4134
-8.41114
-8.40662
-8.39759
-8.39083
-8.37062
-8.35944
-8.35051
-8.34828
-8.34828
-8.34605
-8.34383
-8.33049
-8.31941
-8.30616
-8.29294
-8.29075
-8.28855
-8.28416
-8.27977
-8.26009
-8.25573
-8.234
-8.234
-8.23183
-8.20376
-8.17375
-8.17161
-8.16308
-8.16308
-8.16095
-8.15882
-8.1567
-8.15457
-8.15244
-8.15032
-8.14395
-8.13336
-8.13336
-8.12914
-8.1228
-8.11227
-8.09966
-8.09757
-8.06832
-8.06832
-8.06001
-8.05793
-8.05586
-8.05586
-8.05171
-8.04549
-8.04136
-8.0331
-8.01662
-8.00841
-8.00636
-8.00432
-8.00022
-7.99613
-7.98796
-7.97981
-7.97981
-7.96761
-7.96356
-7.9595
-7.9393
-7.92321
-7.91719
-7.90918
-7.90519
-7.8992
-7.88526
-7.86741
-7.85752
-7.85555
-7.85555
-7.85161
-7.84964
-7.84373
-7.83391
-7.82999
-7.81824
-7.81043
-7.80848
-7.79292
-7.79098
-7.7871
-7.77742
-7.77355
-7.76969
-7.76776
-7.74276
-7.73893
-7.71792
-7.71602
-7.71222
-7.70651
-7.70082
-7.69514
-7.69325
-7.68002
-7.67249
-7.67061
-7.66309
-7.66121
-7.64997
-7.64062
-7.63689
-7.63689
-7.61644
-7.61458
-7.61088
-7.60533
-7.59794
-7.59056
-7.58136
-7.57952
-7.57585
-7.57402
-7.57218
-7.5612
-7.5539
-7.53025
-7.53025
-7.52844
-7.52844
-7.5212
-7.51758
-7.51578
-7.50496
-7.50316
-7.50316
-7.49237
-7.48878
-7.48341
-7.48341
-7.47625
-7.4709
-7.4709
-7.46733
-7.46555
-7.46021
-7.46021
-7.46021
-7.45132
-7.44954
-7.446
-7.43891
-7.42831
-7.42479
-7.42479
-7.42303
-7.4037
-7.39494
-7.3897
-7.38621
-7.3775
-7.3775
-7.37576
-7.37576
-7.36708
-7.35841
-7.32566
-7.32395
-7.32223
-7.32052
-7.31026
-7.30172
-7.28472
-7.28472
-7.28132
-7.27794
-7.27624
-7.27624
-7.26779
-7.25935
-7.2543
-7.24758
-7.24087
-7.23584
-7.22581
-7.22414
-7.22248
-7.22081
-7.22081
-7.21581
-7.20086
-7.19093
-7.18927
-7.18927
-7.18597
-7.18432
-7.17937
-7.17608
-7.17608
-7.17608
-7.16786
-7.16621
-7.16621
-7.16457
-7.15965
-7.1531
-7.14493
-7.14004
-7.14004
-7.13841
-7.12865
-7.12378
-7.12215
-7.11244
-7.10275
-7.09952
-7.09469
-7.09147
-7.08987
-7.08826
-7.08826
-7.08344
-7.07863
-7.07543
-7.06425
-7.06425
-7.05946
-7.05309
-7.05309
-7.0515
-7.04992
-7.04992
-7.04039
-7.03248
-7.03248
-7.02616
-7.023
-7.01828
-7.01513
-7.01041
-7.00727
-7.00727
-7.00256
-6.99943
-6.9963
-6.99473
-6.99473
-6.99161
-6.99004
-6.98224
-6.97446
-6.9729
-6.9729
-6.9698
-6.96514
-6.96049
-6.96049
-6.95585
-6.95585
-6.95585
-6.94966
-6.92045
-6.92045
-6.91739
-6.91739
-6.91433
-6.90364
-6.90212
-6.89603
-6.89299
-6.88844
-6.87481
-6.8733
-6.86425
-6.86275
-6.84173
-6.84023
-6.84023
-6.83426
-6.83276
-6.82084
-6.81045
-6.80156
-6.7927
-6.78386
-6.77945
-6.77357
-6.77064
-6.77064
-6.77064
-6.76332
-6.75164
-6.74582
-6.74
-6.73565
-6.7342
-6.7342
-6.73275
-6.73275
-6.72985
-6.72117
-6.71973
-6.71108
-6.7082
-6.70532
-6.70245
-6.70101
-6.70101
-6.69384
-6.66958
-6.66816
-6.66389
-6.65539
-6.65255
-6.64831
-6.64266
-6.63703
-6.62859
-6.62297
-6.61457
-6.60898
-6.60479
-6.60061
-6.59365
-6.58532
-6.58117
-6.57149
-6.57011
-6.56321
-6.55908
-6.55221
-6.54673
-6.53988
-6.53169
-6.53169
-6.53033
-6.52488
-6.51536
-6.50723
-6.50317
-6.50182
-6.49642
-6.49102
-6.48968
-6.47088
-6.46954
-6.46419
-6.46419
-6.46152
-6.45885
-6.45752
-6.45352
-6.45086
-6.45086
-6.44953
-6.44554
-6.44422
-6.44289
-6.43758
-6.43626
-6.43229
-6.42832
-6.427
-6.40725
-6.40594
-6.40463
-6.40332
-6.40332
-6.40201
-6.39416
-6.39285
-6.39285
-6.36553
-6.36423
-6.36423
-6.36294
-6.35906
-6.35776
-6.34744
-6.34229
-6.33844
-6.33844
-6.32562
-6.31412
-6.3103
-6.30903
-6.29887
-6.2938
-6.28747
-6.28621
-6.28242
-6.2799
-6.2736
-6.27234
-6.26857
-6.25979
-6.24728
-6.24479
-6.24479
-6.24354
-6.23856
-6.23359
-6.23359
-6.23359
-6.22738
-6.2249
-6.22119
-6.21871
-6.19777
-6.19163
-6.19163
-6.18918
-6.18673
-6.18673
-6.18062
-6.1794
-6.16721
-6.16357
-6.16114
-6.15993
-6.15993
-6.15871
-6.15629
-6.15266
-6.13817
-6.13215
-6.13095
-6.12735
-6.11417
-6.11178
-6.11178
-6.10462
-6.10343
-6.10224
-6.09986
-6.08917
-6.08917
-6.08799
-6.08089
-6.0797
-6.07498
-6.07144
-6.07144
-6.06909
-6.06909
-6.06673
-6.0632
-6.05851
-6.05733
-6.05616
-6.05499
-6.04913
-6.04446
-6.04329
-6.04212
-6.03979
-6.03979
-6.03979
-6.01077
-6.00846
-6.00385
-6.0027
-5.99809
-5.99349
-5.99235
-5.98661
-5.98661
-5.98546
-5.98089
-5.97175
-5.96492
-5.96264
-5.96151
-5.96151
-5.95924
-5.95243
-5.95017
-5.94903
-5.94677
-5.94564
-5.93774
-5.93661
-5.922
-5.91864
-5.91528
-5.91305
-5.90523
-5.90189
-5.89966
-5.89744
-5.89299
-5.88966
-5.88191
-5.87749
-5.87197
-5.85548
-5.84673
-5.84454
-5.84236
-5.84127
-5.84018
-5.83473
-5.81953
-5.8152
-5.81412
-5.81304
-5.81196
-5.81196
-5.80872
-5.79473
-5.7883
-5.78188
-5.78081
-5.78081
-5.77334
-5.77121
-5.76483
-5.76376
-5.75952
-5.75846
-5.75316
-5.74999
-5.74788
-5.74788
-5.74788
-5.74576
-5.73944
-5.73944
-5.73839
-5.73523
-5.73523
-5.73313
-5.73103
-5.72683
-5.72578
-5.72368
-5.72264
-5.72264
-5.72054
-5.7195
-5.71845
-5.71741
-5.71532
-5.70385
-5.70073
-5.70073
-5.69969
-5.69969
-5.69451
-5.69243
-5.68519
-5.68312
-5.679
-5.6687
-5.6687
-5.66768
-5.6646
-5.65845
-5.64721
-5.64721
-5.64212
-5.63399
-5.62993
-5.62892
-5.62082
-5.6178
-5.61679
-5.61376
-5.61276
-5.61276
-5.60471
-5.59769
-5.59468
-5.59368
-5.59168
-5.58969
-5.58769
-5.58669
-5.58669
-5.58569
-5.5817
-5.58071
-5.57573
-5.57474
-5.56383
-5.56383
-5.55395
-5.55297
-5.551
-5.54411
-5.54116
-5.5392
-5.5392
-5.53724
-5.53528
-5.53234
-5.52843
-5.52745
-5.52452
-5.52355
-5.51867
-5.51673
-5.51478
-5.51381
-5.51381
-5.51187
-5.50798
-5.50701
-5.50314
-5.4983
-5.4983
-5.49637
-5.49347
-5.4848
-5.48288
-5.47616
-5.4752
-5.47329
-5.47137
-5.47137
-5.47041
-5.458
-5.458
-5.458
-5.458
-5.45515
-5.45325
-5.4523
-5.4466
-5.44376
-5.44186
-5.44091
-5.43619
-5.4343
-5.43147
-5.43052
-5.42864
-5.42111
-5.41548
-5.41548
-5.40986
-5.40518
-5.39865
-5.39121
-5.38749
-5.38657
-5.38101
-5.37453
-5.37269
-5.37177
-5.369
-5.369
-5.36624
-5.36256
-5.3598
-5.35429
-5.35246
-5.34788
-5.34697
-5.3424
-5.34149
-5.34058
-5.33876
-5.33239
-5.33239
-5.33148
-5.33148
-5.32422
-5.32331
-5.32331
-5.31698
-5.31698
-5.31336
-5.31336
-5.30975
-5.30885
-5.30795
-5.30345
-5.29358
-5.29179
-5.28642
-5.28374
-5.28374
-5.27839
-5.27394
-5.27216
-5.27039
-5.2695
-5.26152
-5.25975
-5.25798
-5.2571
-5.25092
-5.24828
-5.24828
-5.24652
-5.24652
-5.24652
-5.24564
-5.24476
-5.24388
-5.24212
-5.23773
-5.23598
-5.2351
-5.23423
-5.22898
-5.22635
-5.22374
-5.22025
-5.21764
-5.20548
-5.20548
-5.20548
-5.20115
-5.20115
-5.19769
-5.19252
-5.19165
-5.18821
-5.18735
-5.17962
-5.17705
-5.17448
-5.17191
-5.16252
-5.15911
-5.15062
-5.14638
-5.14553
-5.14384
-5.13877
-5.13877
-5.13793
-5.13624
-5.13624
-5.13287
-5.11942
-5.11859
-5.11859
-5.1144
-5.1144
-5.1144
-5.10355
-5.0969
-5.09192
-5.09109
-5.08613
-5.08613
-5.08613
-5.0754
-5.0721
-5.06882
-5.06799
-5.06635
-5.06471
-5.06307
-5.05898
-5.05816
-5.05407
-5.05244
-5.05162
-5.04592
-5.04511
-5.04023
-5.0386
-5.03779
-5.03536
-5.03455
-5.03455
-5.03131
-5.02888
-5.02404
-5.02242
-5.02081
-5.01839
-5.01678
-5.01598
-5.00795
-5.00394
-5.00074
-4.99834
-4.99276
-4.99196
-4.99117
-4.98878
-4.98639
-4.98242
-4.98163
-4.98083
-4.97608
-4.97291
-4.97291
-4.97212
-4.97133
-4.97054
-4.96738
-4.96581
-4.96581
-4.96502
-4.96029
-4.96029
-4.95872
-4.95715
-4.95558
-4.95244
-4.95166
-4.95009
-4.94931
-4.94852
-4.94774
-4.94774
-4.94696
-4.94227
-4.94149
-4.93993
-4.93993
-4.93681
-4.93291
-4.9236
-4.91895
-4.91895
-4.9174
-4.91046
-4.91046
-4.90891
-4.90506
-4.90276
-4.89815
-4.88133
-4.87981
-4.87753
-4.86993
-4.86842
-4.86463
-4.86388
-4.86161
-4.85632
-4.85632
-4.85406
-4.85331
-4.84955
-4.84955
-4.84955
-4.84955
-4.84054
-4.83979
-4.83829
-4.83455
-4.82858
-4.82709
-4.8256
-4.82188
-4.81298
-4.81224
-4.80928
-4.80854
-4.80854
-4.80559
-4.80411
-4.80337
-4.79674
-4.7916
-4.78793
-4.78647
-4.78427
-4.78134
-4.77623
-4.77477
-4.77477
-4.77259
-4.77113
-4.76895
-4.76314
-4.76241
-4.76024
-4.75879
-4.75879
-4.7559
-4.75228
-4.75228
-4.75228
-4.74651
-4.74364
-4.7422
-4.73789
-4.7343
-4.73215
-4.72144
-4.72072
-4.71788
-4.71503
-4.71432
-4.71361
-4.71148
-4.71077
-4.71006
-4.70369
-4.70227
-4.69874
-4.69803
-4.69803
-4.69662
-4.69662
-4.69521
-4.6924
-4.68958
-4.68677
-4.68326
-4.68186
-4.68116
-4.67906
-4.67906
-4.67906
-4.67836
-4.67766
-4.67556
-4.6644
-4.66093
-4.65954
-4.65954
-4.65607
-4.65399
-4.65261
-4.64708
-4.64639
-4.64501
-4.64294
-4.64225
-4.64019
-4.63812
-4.63263
-4.63125
-4.6292
-4.62851
-4.62509
-4.62441
-4.62304
-4.62031
-4.61417
-4.61281
-4.6067
-4.60602
-4.60466
-4.60399
-4.60399
-4.59992
-4.59925
-4.59722
-4.59722
-4.59654
-4.59587
-4.59047
-4.59047
-4.5871
-4.58442
-4.58106
-4.57503
-4.57369
-4.57102
-4.56701
-4.56301
-4.56102
-4.55902
-4.5557
-4.55305
-4.55239
-4.55239
-4.55106
-4.5504
-4.54974
-4.54842
-4.54709
-4.54709
-4.54445
-4.54313
-4.54313
-4.54115
-4.54115
-4.54049
-4.53917
-4.53917
-4.53588
-4.53457
-4.52931
-4.528
-4.528
-4.52473
-4.51819
-4.51689
-4.51689
-4.51558
-4.51493
-4.51363
-4.51298
-4.51232
-4.50582
-4.50518
-4.50323
-4.49934
-4.49546
-4.49159
-4.4903
-4.4903
-4.48772
-4.48708
-4.48258
-4.48001
-4.47616
-4.47616
-4.47424
-4.46785
-4.46466
-4.46466
-4.46402
-4.45893
-4.45576
-4.45322
-4.45195
-4.45132
-4.44879
-4.44752
-4.44626
-4.44562
-4.44499
-4.44247
-4.44057
-4.43931
-4.43805
-4.43742
-4.43617
-4.43365
-4.43239
-4.42926
-4.428
-4.42487
-4.42487
-4.42424
-4.41862
-4.41675
-4.41675
-4.41612
-4.41425
-4.41363
-4.40803
-4.40617
-4.40431
-4.40121
-4.40121
-4.39997
-4.39997
-4.39935
-4.39502
-4.39441
-4.39132
-4.38763
-4.3864
-4.38578
-4.38209
-4.37535
-4.3729
-4.37229
-4.37107
-4.36985
-4.36863
-4.36802
-4.3668
-4.36619
-4.36071
-4.35707
-4.35161
-4.34979
-4.34858
-4.34798
-4.34738
-4.34738
-4.34677
-4.34617
-4.34255
-4.34074
-4.33893
-4.33653
-4.33412
-4.33412
-4.33172
-4.33112
-4.32872
-4.32753
-4.32693
-4.32214
-4.32214
-4.31976
-4.31737
-4.31439
-4.31439
-4.3138
-4.31142
-4.31142
-4.31023
-4.30904
-4.30726
-4.30608
-4.30549
-4.30252
-4.30193
-4.30193
-4.29425
-4.29366
-4.29308
-4.2919
-4.2919
-4.29072
-4.29013
-4.29013
-4.28954
-4.28484
-4.28425
-4.28074
-4.27839
-4.27781
-4.27722
-4.27489
-4.2743
-4.27138
-4.2708
-4.27022
-4.26963
-4.2673
-4.26672
-4.26614
-4.26323
-4.26323
-4.26033
-4.25917
-4.25743
-4.25685
-4.25222
-4.24933
-4.24299
-4.24011
-4.23552
-4.23266
-4.22579
-4.22522
-4.22408
-4.2218
-4.21952
-4.21952
-4.21611
-4.21441
-4.21384
-4.21157
-4.211
-4.21043
-4.21043
-4.20987
-4.2093
-4.2076
-4.20534
-4.20421
-4.20364
-4.20195
-4.20138
-4.20026
-4.19744
-4.19744
-4.19462
-4.19237
-4.19125
-4.18901
-4.18564
-4.17837
-4.17781
-4.17781
-4.17113
-4.16891
-4.16891
-4.16835
-4.16779
-4.16169
-4.16059
-4.15893
-4.15893
-4.15727
-4.15727
-4.15672
-4.15506
-4.1512
-4.15065
-4.1435
-4.14131
-4.14076
-4.13747
-4.13692
-4.13528
-4.13528
-4.13474
-4.13037
-4.12764
-4.1271
-4.12438
-4.12329
-4.11895
-4.1184
-4.11732
-4.11407
-4.11299
-4.11191
-4.11137
-4.11083
-4.11029
-4.10921
-4.10651
-4.10381
-4.10328
-4.10059
-4.09844
-4.09844
-4.09683
-4.09468
-4.09414
-4.09254
-4.08986
-4.08826
-4.08666
-4.08612
-4.08559
-4.08132
-4.0707
-4.06964
-4.06964
-4.06805
-4.06752
-4.06647
-4.06171
-4.05908
-4.0575
-4.05592
-4.05382
-4.05067
-4.04857
-4.04543
-4.04334
-4.03968
-4.03968
-4.03864
-4.03812
-4.03655
-4.03447
-4.0272
-4.02357
-4.02202
-4.01892
-4.01737
-4.01531
-4.01479
-4.01428
-4.01428
-4.01273
-4.0117
-4.00144
-3.9999
-3.99837
-3.99786
-3.99479
-3.99326
-3.99021
-3.98309
-3.97651
-3.97499
-3.97398
-3.97045
-3.96995
-3.96844
-3.96844
-3.96642
-3.96592
-3.96542
-3.96441
-3.96391
-3.96341
-3.9604
-3.95939
-3.95889
-3.95789
-3.95539
-3.95289
-3.9479
-3.9479
-3.94143
-3.94044
-3.94044
-3.93845
-3.93796
-3.93647
-3.934
-3.9335
-3.93251
-3.93152
-3.92955
-3.92314
-3.9197
-3.91872
-3.91872
-3.91675
-3.91577
-3.91577
-3.91528
-3.91479
-3.91234
-3.91137
-3.91039
-3.90941
-3.90941
-3.90746
-3.90648
-3.90453
-3.90404
-3.90258
-3.90209
-3.90063
-3.90015
-3.89918
-3.89918
-3.89675
-3.89529
-3.89384
-3.89384
-3.89287
-3.89093
-3.88851
-3.88706
-3.88416
-3.88368
-3.87983
-3.87839
-3.8779
-3.87694
-3.87646
-3.8755
-3.87502
-3.87454
-3.8731
-3.87262
-3.87166
-3.87023
-3.86975
-3.86927
-3.86831
-3.8664
-3.86544
-3.86401
-3.8621
-3.8602
-3.85829
-3.85686
-3.85591
-3.85544
-3.85401
-3.85211
-3.85069
-3.85022
-3.84927
-3.84927
-3.8469
-3.84643
-3.84548
-3.83276
-3.83229
-3.83182
-3.83041
-3.82713
-3.82713
-3.82526
-3.82105
-3.81919
-3.81779
-3.81639
-3.8136
-3.81221
-3.81174
-3.81128
-3.80664
-3.80664
-3.80664
-3.80525
-3.79832
-3.7974
-3.79601
-3.79463
-3.79417
-3.78957
-3.78911
-3.78866
-3.78636
-3.7859
-3.78545
-3.77859
-3.77813
-3.77767
-3.77403
-3.77312
-3.76857
-3.76675
-3.76675
-3.76585
-3.76585
-3.76539
-3.76449
-3.76313
-3.75906
-3.75861
-3.75816
-3.75635
-3.7541
-3.75274
-3.75229
-3.74645
-3.74466
-3.74107
-3.73929
-3.73884
-3.73884
-3.73794
-3.73794
-3.73705
-3.73437
-3.73215
-3.73037
-3.72992
-3.72814
-3.72681
-3.72681
-3.71972
-3.71972
-3.71972
-3.71883
-3.71618
-3.71574
-3.71486
-3.71177
-3.71133
-3.71133
-3.71045
-3.70869
-3.70649
-3.70562
-3.70342
-3.70342
-3.70298
-3.70255
-3.70167
-3.70079
-3.69948
-3.69642
-3.69598
-3.69511
-3.69293
-3.68857
-3.68727
-3.68727
-3.68683
-3.67946
-3.676
-3.67298
-3.67212
-3.67126
-3.66996
-3.66781
-3.66738
-3.66394
-3.66394
-3.66351
-3.6588
-3.65709
-3.65495
-3.65325
-3.65325
-3.65282
-3.65111
-3.65069
-3.64983
-3.64813
-3.64771
-3.64686
-3.64134
-3.64007
-3.6371
-3.63668
-3.63583
-3.63583
-3.63288
-3.63246
-3.63077
-3.63035
-3.62908
-3.62866
-3.6253
-3.62446
-3.62362
-3.62194
-3.6211
-3.6211
-3.62026
-3.62026
-3.61775
-3.61691
-3.6165
-3.61357
-3.61274
-3.61232
-3.61232
-3.60774
-3.60607
-3.60607
-3.60524
-3.60399
-3.60316
-3.6015
-3.6015
-3.6015
-3.60026
-3.5986
-3.59529
-3.59364
-3.5924
-3.59199
-3.59075
-3.59034
-3.58376
-3.58335
-3.58335
-3.57925
-3.57802
-3.57638
-3.57557
-3.57352
-3.56904
-3.56822
-3.56782
-3.567
-3.56375
-3.56375
-3.56172
-3.56132
-3.56091
-3.5601
-3.5601
-3.55929
-3.55929
-3.55848
-3.55646
-3.55605
-3.55161
-3.5496
-3.54477
-3.54076
-3.54076
-3.54036
-3.54036
-3.53555
-3.53555
-3.53435
-3.53396
-3.53356
-3.53316
-3.53276
-3.53156
-3.52877
-3.52837
-3.52758
-3.52678
-3.52519
-3.52281
-3.51766
-3.51726
-3.51647
-3.5145
-3.51213
-3.51174
-3.50858
-3.5078
-3.50583
-3.50544
-3.50465
-3.50269
-3.50151
-3.50034
-3.49877
-3.49799
-3.49799
-3.49799
-3.49721
-3.49643
-3.49252
-3.49096
-3.49018
-3.48901
-3.48863
-3.48668
-3.48435
-3.48319
-3.48241
-3.48164
-3.48047
-3.48009
-3.48009
-3.47776
-3.47583
-3.47545
-3.47467
-3.47236
-3.47082
-3.46659
-3.46428
-3.46122
-3.45968
-3.45815
-3.45815
-3.45663
-3.4551
-3.45434
-3.45395
-3.45243
-3.45167
-3.4509
-3.44976
-3.4452
-3.44444
-3.44444
-3.44369
-3.44369
-3.44331
-3.44179
-3.44066
-3.44028
-3.43725
-3.43687
-3.43574
-3.43536
-3.43461
-3.4331
-3.4331
-3.43273
-3.43235
-3.43122
-3.43084
-3.43009
-3.42783
-3.42708
-3.42596
-3.42371
-3.42258
-3.42034
-3.42034
-3.41884
-3.41027
-3.4099
-3.4099
-3.40953
-3.40507
-3.40433
-3.40285
-3.40248
-3.40248
-3.39694
-3.39694
-3.39362
-3.39178
-3.39031
-3.38957
-3.38774
-3.38737
-3.387
-3.3848
-3.38334
-3.38297
-3.38005
-3.37786
-3.37676
-3.37676
-3.37676
-3.3764
-3.37567
-3.37312
-3.37203
-3.36804
-3.36659
-3.36586
-3.3655
-3.3655
-3.3655
-3.36478
-3.36405
-3.36369
-3.36369
-3.36188
-3.36044
-3.35972
-3.35936
-3.35791
-3.35755
-3.35683
-3.35467
-3.35251
-3.35251
-3.35144
-3.35144
-3.34785
-3.34606
-3.34463
-3.34248
-3.33998
-3.33927
-3.33856
-3.33785
-3.33749
-3.33571
-3.33571
-3.33358
-3.33322
-3.33251
-3.3318
-3.33109
-3.33074
-3.33003
-3.32967
-3.32861
-3.32861
-3.32826
-3.32649
-3.32578
-3.32507
-3.32366
-3.32331
-3.32189
-3.32119
-3.32084
-3.32048
-3.32013
-3.31978
-3.31626
-3.31591
-3.3145
-3.31415
-3.3138
-3.30994
-3.30959
-3.30819
-3.30609
-3.30504
-3.3047
-3.3019
-3.29912
-3.29807
-3.29773
-3.29738
-3.29599
-3.29564
-3.29356
-3.29252
-3.28906
-3.28837
-3.28733
-3.28698
-3.28595
-3.28491
-3.28422
-3.28388
-3.28284
-3.27871
-3.27768
-3.27768
-3.27494
-3.27459
-3.27459
-3.27391
-3.27391
-3.27185
-3.27151
-3.27014
-3.26912
-3.26878
-3.26844
-3.26775
-3.26741
-3.26707
-3.26639
-3.26366
-3.26332
-3.26264
-3.2606
-3.25992
-3.25585
-3.25381
-3.25246
-3.25179
-3.25145
-3.24976
-3.24875
-3.24841
-3.24841
-3.24571
-3.24336
-3.24268
-3.24201
-3.24
-3.23932
-3.23765
-3.23765
-3.23664
-3.23363
-3.2333
-3.23163
-3.23129
-3.23063
-3.23029
-3.22862
-3.22529
-3.22463
-3.2243
-3.22397
-3.22363
-3.22098
-3.21998
-3.21965
-3.21932
-3.21932
-3.21899
-3.217
-3.21469
-3.21436
-3.21436
-3.2137
-3.21304
-3.21139
-3.2104
-3.20908
-3.20809
-3.20546
-3.20481
-3.20448
-3.20251
-3.20054
-3.19923
-3.19923
-3.19792
-3.1976
-3.19662
-3.19466
-3.19433
-3.19238
-3.19205
-3.19205
-3.19205
-3.19172
-3.19107
-3.19107
-3.19042
-3.1875
-3.1875
-3.18652
-3.18555
-3.1849
-3.1849
-3.18198
-3.18198
-3.18166
-3.17907
-3.17778
-3.17713
-3.17713
-3.17617
-3.17617
-3.17488
-3.17455
-3.17423
-3.17262
-3.17262
-3.17166
-3.17166
-3.17101
-3.17069
-3.17005
-3.17005
-3.16941
-3.16524
-3.163
-3.16268
-3.16076
-3.1598
-3.15948
-3.15884
-3.15853
-3.15821
-3.15821
-3.15821
-3.15598
-3.15598
-3.15502
-3.1547
-3.15311
-3.15311
-3.15184
-3.15089
-3.15057
-3.1493
-3.14899
-3.14772
-3.14645
-3.14424
-3.14203
-3.1414
-3.1414
-3.14045
-3.13887
-3.13887
-3.13541
-3.1351
-3.1351
-3.13478
-3.13416
-3.13321
-3.13259
-3.13259
-3.13227
-3.13196
-3.13165
-3.13133
-3.13039
-3.12976
-3.12726
-3.1257
-3.12445
-3.12445
-3.12383
-3.1232
-3.12227
-3.12102
-3.11978
-3.11729
-3.11636
-3.11542
-3.11418
-3.11263
-3.11263
-3.11232
-3.11232
-3.11232
-3.11016
-3.11016
-3.10954
-3.10429
-3.10275
-3.10245
-3.09999
-3.09876
-3.09876
-3.09876
-3.09845
-3.09569
-3.09385
-3.09263
-3.09232
-3.09049
-3.09019
-3.08957
-3.08927
-3.08622
-3.0847
-3.08409
-3.08409
-3.08379
-3.08288
-3.08196
-3.07893
-3.07893
-3.07772
-3.07772
-3.07711
-3.07711
-3.07651
-3.0759
-3.0759
-3.0756
-3.07439
-3.07318
-3.07318
-3.07258
-3.07258
-3.07258
-3.07017
-3.06896
-3.06866
-3.06806
-3.06776
-3.06776
-3.06776
-3.06746
-3.06715
-3.06715
-3.06715
-3.06655
-3.06535
-3.06475
-3.06415
-3.06385
-3.06325
-3.06115
-3.05935
-3.05876
-3.05846
-3.05726
-3.05726
-3.05308
-3.05308
-3.05159
-3.05159
-3.05159
-3.0513
-3.051
-3.0507
-3.0507
-3.04803
-3.04773
-3.04654
-3.04506
-3.04476
-3.04417
-3.04387
-3.04358
-3.04269
-3.04239
-3.04032
-3.04003
-3.03944
-3.03707
-3.03707
-3.0359
-3.03501
-3.03383
-3.03354
-3.03354
-3.03354
-3.03001
-3.02825
-3.02708
-3.02679
-3.02679
-3.0265
-3.02532
-3.02123
-3.01977
-3.01977
-3.0189
-3.01774
-3.01744
-3.01483
-3.01395
-3.01366
-3.0125
-3.01192
-3.01076
-3.01047
-3.00729
-3.00729
-3.00354
-3.00094
-2.99979
-2.99979
-2.99893
-2.9972
-2.99663
-2.99606
-2.99491
-2.99376
-2.99347
-2.99233
-2.98718
-2.98661
-2.98661
-2.98604
-2.98576
-2.98547
-2.98519
-2.9849
-2.9849
-2.9849
-2.98462
-2.98377
-2.98234
-2.98092
-2.98064
-2.98035
-2.97979
-2.97893
-2.97667
-2.97667
-2.97638
-2.97384
-2.97384
-2.97355
-2.97016
-2.96847
-2.96707
-2.96707
-2.96678
-2.96566
-2.96453
-2.96453
-2.96341
-2.96313
-2.96201
-2.96089
-2.95977
-2.95977
-2.95781
-2.95697
-2.95557
-2.95306
-2.95
-2.94888
-2.94888
-2.94777
-2.94749
-2.94749
-2.94749
-2.94749
-2.94694
-2.94666
-2.94472
-2.94416
-2.94361
-2.94278
-2.9425
-2.9425
-2.94167
-2.94112
-2.94112
-2.94112
-2.94057
-2.94029
-2.93836
-2.9378
-2.93642
-2.93477
-2.93477
-2.9334
-2.93175
-2.93175
-2.93147
-2.93037
-2.92955
-2.92927
-2.92927
-2.92873
-2.9279
-2.92763
-2.92462
-2.9238
-2.9238
-2.92298
-2.92298
-2.9227
-2.92107
-2.91998
-2.9197
-2.91861
-2.91725
-2.91725
-2.91616
-2.91481
-2.91345
-2.91291
-2.91236
-2.91209
-2.91209
-2.91047
-2.90965
-2.90911
-2.9083
-2.9083
-2.90587
-2.90452
-2.90263
-2.90021
-2.89914
-2.89887
-2.89806
-2.89726
-2.89699
-2.89645
-2.89565
-2.89565
-2.89511
-2.89511
-2.89457
-2.8927
-2.89217
-2.89217
-2.89163
-2.89136
-2.8903
-2.88976
-2.88869
-2.88843
-2.88816
-2.88816
-2.88709
-2.88417
-2.8839
-2.8823
-2.88177
-2.88098
-2.88071
-2.88018
-2.87965
-2.87965
-2.87965
-2.87939
-2.87939
-2.87621
-2.87568
-2.87383
-2.8733
-2.87304
-2.87172
-2.87093
-2.8704
-2.8704
-2.87014
-2.8683
-2.8683
-2.86646
-2.86567
-2.86462
-2.86383
-2.86357
-2.86304
-2.86304
-2.86016
-2.85964
-2.85964
-2.85886
-2.85834
-2.85781
-2.85781
-2.85781
-2.85651
-2.85651
-2.85599
-2.8552
-2.85442
-2.85312
-2.85208
-2.85208
-2.8513
-2.85104
-2.84844
-2.84637
-2.84611
-2.84508
-2.84404
-2.84378
-2.84352
-2.84352
-2.84249
-2.84197
-2.84094
-2.84068
-2.84068
-2.83862
-2.83862
-2.83707
-2.83322
-2.83296
-2.83271
-2.83091
-2.83066
-2.82963
-2.82912
-2.82784
-2.82759
-2.82733
-2.82452
-2.82325
-2.82197
-2.82172
-2.82121
-2.8207
-2.8207
-2.82019
-2.81917
-2.81917
-2.81917
-2.81917
-2.8179
-2.81714
-2.81664
-2.81588
-2.81588
-2.81562
-2.81562
-2.81309
-2.81309
-2.81284
-2.81056
-2.80879
-2.80879
-2.80728
-2.80703
-2.80703
-2.80678
-2.80627
-2.80577
-2.80527
-2.80426
-2.80401
-2.80376
-2.8025
-2.8015
-2.79974
-2.79849
-2.79649
-2.79549
-2.79424
-2.79424
-2.79399
-2.79399
-2.79274
-2.7915
-2.79125
-2.79125
-2.79075
-2.79
-2.78975
-2.78951
-2.78951
-2.78851
-2.78752
-2.78702
-2.78652
-2.78578
-2.78578
-2.78404
-2.7838
-2.7833
-2.78256
-2.78256
-2.78231
-2.78107
-2.78008
-2.77934
-2.77885
-2.77762
-2.77737
-2.77638
-2.77417
-2.77269
-2.77122
-2.77073
-2.7695
-2.7695
-2.7695
-2.76901
-2.76876
-2.76827
-2.76803
-2.76754
-2.76729
-2.76705
-2.7668
-2.76583
-2.7646
-2.76314
-2.76216
-2.76167
-2.76143
-2.76094
-2.7607
-2.76046
-2.76021
-2.75681
-2.75535
-2.75486
-2.75462
-2.75462
-2.75365
-2.75317
-2.75244
-2.7522
-2.75195
-2.75171
-2.75002
-2.74905
-2.74857
-2.74833
-2.74784
-2.74688
-2.74543
-2.74471
-2.74351
-2.74278
-2.74158
-2.74086
-2.74038
-2.73966
-2.73822
-2.73798
-2.73798
-2.73726
-2.73511
-2.7301
-2.72867
-2.72843
-2.72843
-2.72795
-2.72748
-2.727
-2.72534
-2.72534
-2.72534
-2.72415
-2.72344
-2.7232
-2.72273
-2.72202
-2.72178
-2.72154
-2.72154
-2.72083
-2.7206
-2.72012
-2.71871
-2.71823
-2.718
-2.71776
-2.71658
-2.71634
-2.71587
-2.71375
-2.71352
-2.71328
-2.71281
-2.71022
-2.70999
-2.70975
-2.70811
-2.70741
-2.70717
-2.70717
-2.70577
-2.70577
-2.70483
-2.70483
-2.70437
-2.70413
-2.70063
-2.7004
-2.7004
-2.7004
-2.6997
-2.69923
-2.69877
-2.69877
-2.69807
-2.6976
-2.69737
-2.69667
-2.69667
-2.69621
-2.69458
-2.69458
-2.69412
-2.69319
-2.69296
-2.69272
-2.69272
-2.69249
-2.69203
-2.69203
-2.69087
-2.69041
-2.68971
-2.68925
-2.68925
-2.68879
-2.68648
-2.68625
-2.68556
-2.6851
-2.68371
-2.68256
-2.6821
-2.68187
-2.68095
-2.67981
-2.67981
-2.67981
-2.67889
-2.67866
-2.67866
-2.67728
-2.67682
-2.67591
-2.67545
-2.67431
-2.67157
-2.67134
-2.67088
-2.66883
-2.6686
-2.66815
-2.66746
-2.66746
-2.66724
-2.66451
-2.66406
-2.66315
-2.6627
-2.66224
-2.66066
-2.65885
-2.6584
-2.65817
-2.65591
-2.65501
-2.65366
-2.65343
-2.65343
-2.65321
-2.65231
-2.65186
-2.65141
-2.65118
-2.64961
-2.64939
-2.64849
-2.64827
-2.64804
-2.64759
-2.64737
-2.64737
-2.6467
-2.64647
-2.64558
-2.64468
-2.64401
-2.64379
-2.64334
-2.6429
-2.64178
-2.64111
-2.6391
-2.63866
-2.63777
-2.63621
-2.63621
-2.63599
-2.63555
-2.63466
-2.63444
-2.63377
-2.63266
-2.63266
-2.63244
-2.62912
-2.6278
-2.62736
-2.62713
-2.62647
-2.62625
-2.62493
-2.62427
-2.62383
-2.62295
-2.62251
-2.61943
-2.61637
-2.6144
-2.61396
-2.61091
-2.61069
-2.61025
-2.60916
-2.60895
-2.60808
-2.60808
-2.60721
-2.60699
-2.60655
-2.6059
-2.60504
-2.6046
-2.60352
-2.60352
-2.60135
-2.60092
-2.6007
-2.5966
-2.59488
-2.59423
-2.59337
-2.59294
-2.5923
-2.59122
-2.59101
-2.59079
-2.59036
-2.58951
-2.58929
-2.58865
-2.58694
-2.58629
-2.58501
-2.58459
-2.58437
-2.58373
-2.58309
-2.58288
-2.58139
-2.58117
-2.58032
-2.57989
-2.57989
-2.57883
-2.57883
-2.57713
-2.57692
-2.57692
-2.57586
-2.57501
-2.57459
-2.57416
-2.57416
-2.57353
-2.57035
-2.56951
-2.5693
-2.56909
-2.56803
-2.56782
-2.56782
-2.56761
-2.5674
-2.5674
-2.56719
-2.56698
-2.56698
-2.56635
-2.56508
-2.56424
-2.56382
-2.56361
-2.56298
-2.56256
-2.56256
-2.56151
-2.5613
-2.5613
-2.55963
-2.55921
-2.55795
-2.55732
-2.55712
-2.5567
-2.55565
-2.55565
-2.55524
-2.55482
-2.55357
-2.55294
-2.55232
-2.55211
-2.55148
-2.5492
-2.54795
-2.54546
-2.54546
-2.54443
-2.54401
-2.5436
-2.54256
-2.54174
-2.54029
-2.54009
-2.53967
-2.53885
-2.53597
-2.53494
-2.53473
-2.53473
-2.53473
-2.53412
-2.53104
-2.53022
-2.53002
-2.52961
-2.52961
-2.52859
-2.52736
-2.52675
-2.52614
-2.52593
-2.5241
-2.52369
-2.52328
-2.52186
-2.52003
-2.51962
-2.51942
-2.51658
-2.51658
-2.51638
-2.51638
-2.51598
-2.51517
-2.51476
-2.51436
-2.51375
-2.51335
-2.51254
-2.51234
-2.51214
-2.51214
-2.51194
-2.51133
-2.51113
-2.51052
-2.50972
-2.50871
-2.50851
-2.50771
-2.50771
-2.50771
-2.5059
-2.5057
-2.50509
-2.50409
-2.50389
-2.50169
-2.50169
-2.50089
-2.49949
-2.49909
-2.49909
-2.49909
-2.49869
-2.49849
-2.49849
-2.49789
-2.4971
-2.49471
-2.49431
-2.49212
-2.49172
-2.49153
-2.49093
-2.49073
-2.49034
-2.49034
-2.49014
-2.48994
-2.48974
-2.48855
-2.48796
-2.48796
-2.48736
-2.48736
-2.48677
-2.48618
-2.48598
-2.48401
-2.48361
-2.48341
-2.48322
-2.48243
-2.48223
-2.48223
-2.48223
-2.48184
-2.48026
-2.48007
-2.47967
-2.47928
-2.47908
-2.47791
-2.47712
-2.47712
-2.47555
-2.47418
-2.47418
-2.47379
-2.47359
-2.4732
-2.4732
-2.47301
-2.47281
-2.47242
-2.47203
-2.47125
-2.47066
-2.47027
-2.46988
-2.46969
-2.46969
-2.4691
-2.46793
-2.46716
-2.46677
-2.46618
-2.46579
-2.46502
-2.46482
-2.46482
-2.46424
-2.46405
-2.46405
-2.46152
-2.46114
-2.46114
-2.45998
-2.45959
-2.45824
-2.45766
-2.45553
-2.45515
-2.45476
-2.45438
-2.45342
-2.45265
-2.45149
-2.45092
-2.44957
-2.44842
-2.44727
-2.4467
-2.44651
-2.44593
-2.4444
-2.44383
-2.44345
-2.44211
-2.44211
-2.44154
-2.4404
-2.4404
-2.43964
-2.43945
-2.43945
-2.43926
-2.43926
-2.43793
-2.43717
-2.43698
-2.43698
-2.43679
-2.43641
-2.43527
-2.43337
-2.43337
-2.43318
-2.43224
-2.43129
-2.4294
-2.42827
-2.42808
-2.42733
-2.42677
-2.42658
-2.4262
-2.42545
-2.42394
-2.42376
-2.42319
-2.42263
-2.42244
-2.42207
-2.42151
-2.41982
-2.41982
-2.41851
-2.41776
-2.41701
-2.41664
-2.41645
-2.41627
-2.41571
-2.41403
-2.41366
-2.41347
-2.41012
-2.41012
-2.40975
-2.40938
-2.40901
-2.40716
-2.40697
-2.40697
-2.4066
-2.40586
-2.40549
-2.40475
-2.40419
-2.40253
-2.40253
-2.40235
-2.40179
-2.40087
-2.40069
-2.39995
-2.39903
-2.39866
-2.39866
-2.39848
-2.39719
-2.39719
-2.39664
-2.39572
-2.39572
-2.39481
-2.39407
-2.39188
-2.39169
-2.38987
-2.38987
-2.38968
-2.38841
-2.38768
-2.38713
-2.38695
-2.38622
-2.38622
-2.38549
-2.38549
-2.38404
-2.38331
-2.38204
-2.38077
-2.38005
-2.37986
-2.37986
-2.3795
-2.37932
-2.37878
-2.37842
-2.37806
-2.37733
-2.37625
-2.37607
-2.37553
-2.37535
-2.37499
-2.37426
-2.37408
-2.3739
-2.37318
-2.37318
-2.3712
-2.37102
-2.37085
-2.36905
-2.36887
-2.36708
-2.36708
-2.36654
-2.36654
-2.36636
-2.36636
-2.366
-2.36332
-2.36314
-2.36279
-2.36243
-2.36207
-2.36189
-2.36136
-2.36065
-2.36029
-2.36011
-2.35976
-2.35887
-2.3578
-2.35762
-2.35709
-2.35691
-2.35585
-2.35531
-2.35478
-2.35283
-2.35248
-2.3523
-2.35124
-2.35124
-2.35106
-2.35089
-2.35
-2.3493
-2.34859
-2.34824
-2.34753
-2.34736
-2.34736
-2.34683
-2.34595
-2.34595
-2.34595
-2.34542
-2.34507
-2.34489
-2.34384
-2.34314
-2.34314
-2.34209
-2.34191
-2.34191
-2.34086
-2.34033
-2.33998
-2.33911
-2.33911
-2.33841
-2.33823
-2.33823
-2.33771
-2.33719
-2.33684
-2.33614
-2.33614
-2.33596
-2.33579
-2.33492
-2.33439
-2.33405
-2.33283
-2.33178
-2.33126
-2.33109
-2.33091
-2.33074
-2.33022
-2.32814
-2.32779
-2.32745
-2.32623
-2.32606
-2.32589
-2.32537
-2.32502
-2.32192
-2.32123
-2.32106
-2.31744
-2.31727
-2.31727
-2.31676
-2.31659
-2.31659
-2.31641
-2.31624
-2.31607
-2.31419
-2.31333
-2.31248
-2.31145
-2.30889
-2.30872
-2.30838
-2.30838
-2.30821
-2.30753
-2.30753
-2.30753
-2.30702
-2.30668
-2.30583
-2.30583
-2.30515
-2.30498
-2.30345
-2.30226
-2.30209
-2.30175
-2.30125
-2.30074
-2.30074
-2.29905
-2.29854
-2.2982
-2.29668
-2.29668
-2.29567
-2.29533
-2.29517
-2.29416
-2.29365
-2.29231
-2.29214
-2.29164
-2.2908
-2.29063
-2.29046
-2.28996
-2.28945
-2.28929
-2.28878
-2.28862
-2.28845
-2.28745
-2.28644
-2.28527
-2.28511
-2.28494
-2.28444
-2.28427
-2.2841
-2.2841
-2.28394
-2.2831
-2.28277
-2.2826
-2.28194
-2.28161
-2.28161
-2.27961
-2.27911
-2.27895
-2.27878
-2.27878
-2.27828
-2.27795
-2.27778
-2.27695
-2.27679
-2.27629
-2.27513
-2.27431
-2.27431
-2.27414
-2.27348
-2.27331
-2.27331
-2.27315
-2.2715
-2.2715
-2.271
-2.27034
-2.27018
-2.27001
-2.26722
-2.26689
-2.26508
-2.26443
-2.26426
-2.26377
-2.26361
-2.26312
-2.26312
-2.26262
-2.2623
-2.26213
-2.26066
-2.2605
-2.26001
-2.26001
-2.26001
-2.25985
-2.25968
-2.25903
-2.25887
-2.2587
-2.25821
-2.25724
-2.25724
-2.25707
-2.25561
-2.25545
-2.25512
-2.25463
-2.25398
-2.25366
-2.2535
-2.25187
-2.25009
-2.24977
-2.24961
-2.24912
-2.2488
-2.24863
-2.24831
-2.24767
-2.24573
-2.24557
-2.24525
-2.24444
-2.24315
-2.24203
-2.24122
-2.23962
-2.23706
-2.2369
-2.23626
-2.2361
-2.23482
-2.23482
-2.23306
-2.23274
-2.23242
-2.23195
-2.23163
-2.23131
-2.2302
-2.2302
-2.23004
-2.23004
-2.22892
-2.22877
-2.22829
-2.2275
-2.22734
-2.22702
-2.22702
-2.22607
-2.22591
-2.22544
-2.22528
-2.22528
-2.22385
-2.22322
-2.22291
-2.22275
-2.22275
-2.22259
-2.22243
-2.22164
-2.22054
-2.22054
-2.22007
-2.21975
-2.21896
-2.21818
-2.21676
-2.21503
-2.21503
-2.21488
-2.21441
-2.21362
-2.21237
-2.2119
-2.21159
-2.21159
-2.21112
-2.21003
-2.20987
-2.20893
-2.20878
-2.20769
-2.20722
-2.20722
-2.2066
-2.2066
-2.2066
-2.20551
-2.20535
-2.20504
-2.20442
-2.20442
-2.20395
-2.2024
-2.20194
-2.2007
-2.20054
-2.20039
-2.1993
-2.19899
-2.19822
-2.19822
-2.19699
-2.19683
-2.19606
-2.1956
-2.19406
-2.19313
-2.19298
-2.19283
-2.19267
-2.19237
-2.19237
-2.1916
-2.19129
-2.19129
-2.19052
-2.1893
-2.18914
-2.18822
-2.18807
-2.18807
-2.18777
-2.18746
-2.18715
-2.18639
-2.18639
-2.18547
-2.18486
-2.18379
-2.18334
-2.18273
-2.18212
-2.18166
-2.18121
-2.18105
-2.18044
-2.17923
-2.17908
-2.17893
-2.17877
-2.17786
-2.17711
-2.1768
-2.17468
-2.17438
-2.17408
-2.17287
-2.17272
-2.17212
-2.17181
-2.17136
-2.17061
-2.17031
-2.16925
-2.1691
-2.16895
-2.1688
-2.16835
-2.16715
-2.16685
-2.1664
-2.1664
-2.16565
-2.16535
-2.1646
-2.1646
-2.16445
-2.16415
-2.164
-2.16221
-2.16206
-2.16206
-2.16161
-2.16146
-2.16131
-2.16101
-2.16041
-2.16012
-2.15952
-2.15907
-2.15773
-2.15714
-2.1558
-2.15506
-2.15446
-2.15446
-2.15402
-2.15372
-2.15357
-2.15268
-2.15179
-2.15165
-2.15135
-2.15076
-2.15017
-2.14987
-2.14958
-2.14958
-2.1481
-2.1478
-2.14766
-2.14751
-2.14707
-2.14677
-2.14618
-2.14589
-2.14574
-2.14515
-2.14501
-2.14456
-2.14368
-2.14309
-2.14236
-2.14236
-2.14221
-2.14133
-2.1406
-2.13928
-2.1387
-2.13811
-2.13782
-2.13695
-2.13695
-2.13592
-2.13578
-2.13476
-2.13476
-2.13447
-2.1333
-2.13272
-2.13098
-2.13069
-2.13025
-2.13011
-2.12967
-2.12952
-2.12938
-2.12938
-2.12923
-2.12895
-2.12866
-2.12851
-2.1275
-2.12735
-2.12591
-2.12591
-2.12533
-2.12403
-2.1236
-2.1236
-2.12302
-2.12288
-2.12244
-2.12144
-2.11928
-2.11928
-2.11828
-2.11656
-2.11641
-2.11627
-2.11627
-2.11613
-2.11527
-2.11284
-2.11212
-2.11184
-2.11184
-2.11184
-2.1117
-2.11141
-2.11127
-2.11098
-2.10985
-2.10913
-2.10885
-2.10785
-2.10785
-2.10743
-2.10714
-2.10658
-2.10558
-2.10417
-2.10318
-2.10304
-2.10205
-2.10176
-2.10049
-2.09824
-2.09768
-2.09754
-2.09669
-2.09515
-2.09459
-2.09445
-2.09431
-2.09374
-2.09374
-2.0936
-2.09346
-2.09332
-2.09304
-2.0929
-2.09262
-2.09206
-2.09122
-2.09108
-2.09067
-2.08871
-2.08773
-2.08718
-2.0869
-2.08579
-2.08579
-2.08565
-2.08565
-2.08551
-2.08537
-2.08523
-2.08467
-2.08259
-2.08231
-2.08231
-2.08218
-2.08204
-2.08148
-2.08134
-2.08051
-2.07968
-2.07955
-2.07927
-2.07913
-2.07803
-2.07789
-2.07775
-2.07692
-2.07692
-2.07678
-2.07665
-2.07651
-2.07596
-2.07554
-2.07472
-2.07348
-2.0732
-2.07279
-2.06936
-2.06868
-2.0669
-2.06649
-2.06636
-2.06608
-2.06608
-2.06608
-2.06608
-2.06472
-2.06458
-2.06417
-2.06322
-2.06309
-2.06295
-2.06281
-2.06268
-2.06227
-2.06145
-2.06077
-2.06077
-2.06077
-2.06064
-2.06064
-2.06037
-2.06023
-2.05942
-2.05915
-2.05915
-2.05874
-2.05874
-2.0582
-2.05806
-2.05725
-2.05684
-2.05671
-2.05603
-2.05549
-2.05536
-2.05428
-2.05414
-2.05374
-2.05266
-2.05239
-2.05212
-2.05131
-2.05104
-2.05104
-2.05051
-2.04983
-2.04943
-2.0493
-2.04809
-2.04755
-2.04742
-2.04635
-2.04608
-2.04554
-2.04541
-2.04461
-2.04314
-2.04287
-2.04274
-2.04274
-2.04274
-2.04207
-2.04127
-2.04127
-2.04101
-2.04034
-2.04034
-2.04021
-2.03994
-2.03981
-2.03981
-2.03941
-2.03941
-2.03928
-2.03888
-2.03768
-2.03755
-2.03702
-2.0349
-2.03463
-2.03344
-2.03278
-2.03265
-2.03199
-2.03146
-2.03146
-2.03054
-2.03014
-2.02988
-2.02988
-2.02975
-2.02948
-2.02935
-2.02922
-2.02909
-2.02896
-2.0283
-2.02751
-2.02751
-2.02699
-2.02685
-2.02633
-2.02541
-2.02528
-2.02515
-2.02449
-2.02436
-2.02423
-2.02371
-2.02358
-2.02318
-2.02266
-2.02253
-2.0224
-2.0224
-2.02227
-2.02175
-2.02109
-2.02109
-2.02083
-2.01992
-2.01966
-2.01966
-2.01953
-2.01927
-2.01913
-2.01913
-2.01835
-2.01822
-2.01796
-2.01627
-2.01562
-2.01562
-2.01549
-2.01536
-2.0151
-2.01419
-2.01406
-2.01368
-2.01316
-2.01212
-2.0116
-2.0116
-2.01134
-2.01121
-2.01096
-2.0107
-2.01031
-2.01018
-2.01005
-2.00954
-2.00941
-2.00876
-2.00863
-2.00644
-2.00503
-2.0049
-2.00477
-2.00464
-2.00451
-2.00336
-2.00336
-2.00336
-2.00182
-2.00118
-2.00003
-1.9999
-1.99951
-1.99913
-1.99875
-1.99824
-1.99798
-1.99785
-1.99773
-1.9976
-1.99734
-1.99696
-1.99632
-1.99581
-1.99569
-1.99518
-1.99467
-1.99454
-1.99378
-1.99365
-1.99264
-1.99238
-1.99175
-1.99162
-1.99099
-1.99086
-1.99061
-1.9901
-1.9882
-1.98782
-1.98694
-1.98694
-1.98681
-1.98606
-1.98303
-1.98303
-1.98278
-1.98215
-1.98178
-1.9814
-1.97952
-1.97889
-1.97877
-1.97852
-1.97852
-1.97852
-1.97827
-1.97827
-1.97777
-1.97739
-1.97714
-1.97702
-1.97664
-1.97639
-1.97577
-1.97577
-1.97539
-1.97502
-1.97402
-1.97377
-1.97278
-1.97191
-1.97178
-1.97166
-1.97129
-1.97079
-1.97067
-1.97042
-1.96868
-1.96806
-1.96794
-1.96744
-1.96707
-1.96695
-1.9667
-1.96621
-1.96621
-1.96621
-1.96608
-1.96435
-1.96435
-1.96386
-1.96374
-1.96361
-1.96337
-1.96324
-1.96324
-1.96287
-1.96226
-1.96164
-1.95992
-1.95931
-1.95894
-1.95808
-1.9571
-1.95661
-1.95637
-1.95637
-1.95637
-1.95539
-1.95527
-1.95527
-1.95502
-1.95453
-1.95429
-1.95404
-1.95343
-1.95319
-1.95319
-1.95295
-1.95246
-1.95234
-1.95234
-1.95209
-1.95209
-1.95185
-1.95148
-1.95136
-1.95124
-1.951
-1.95002
-1.95002
-1.9493
-1.94893
-1.94845
-1.94796
-1.94602
-1.94578
-1.94529
-1.94529
-1.94529
-1.94421
-1.94409
-1.9436
-1.94336
-1.94336
-1.94239
-1.94227
-1.94191
-1.94167
-1.94119
-1.93926
-1.93902
-1.93878
-1.93878
-1.93866
-1.9383
-1.93818
-1.93794
-1.93782
-1.93782
-1.93782
-1.93722
-1.93662
-1.9359
-1.93542
-1.93542
-1.93339
-1.93315
-1.93267
-1.9322
-1.93208
-1.93208
-1.93148
-1.93124
-1.93041
-1.93005
-1.92898
-1.92886
-1.92874
-1.92803
-1.92601
-1.92589
-1.9253
-1.92518
-1.92459
-1.92459
-1.92435
-1.92435
-1.92423
-1.92411
-1.92388
-1.92352
-1.92305
-1.92293
-1.92293
-1.92258
-1.92246
-1.92222
-1.9221
-1.92198
-1.92175
-1.92151
-1.92104
-1.92057
-1.92033
-1.92021
-1.9201
-1.91963
-1.91892
-1.91821
-1.91786
-1.91751
-1.91727
-1.91704
-1.91704
-1.9168
-1.91645
-1.91621
-1.91539
-1.91504
-1.91481
-1.91422
-1.91387
-1.91352
-1.91352
-1.91258
-1.91247
-1.9106
-1.91001
-1.91001
-1.90966
-1.9092
-1.90896
-1.90896
-1.90861
-1.90861
-1.90861
-1.9085
-1.90826
-1.9078
-1.90757
-1.90722
-1.90687
-1.90606
-1.90606
-1.90594
-1.90455
-1.90455
-1.90443
-1.9042
-1.90327
-1.90281
-1.90258
-1.90223
-1.90107
-1.90096
-1.9005
-1.9005
-1.90038
-1.90015
-1.89992
-1.89957
-1.89865
-1.8983
-1.89807
-1.89796
-1.89704
-1.89704
-1.89681
-1.89635
-1.89589
-1.89577
-1.89543
-1.89543
-1.89485
-1.89485
-1.8944
-1.89382
-1.89291
-1.89279
-1.89268
-1.89096
-1.89085
-1.89016
-1.8897
-1.8897
-1.88936
-1.88925
-1.88913
-1.88902
-1.88822
-1.88811
-1.88776
-1.88776
-1.88765
-1.88697
-1.88674
-1.8864
-1.88606
-1.88594
-1.88537
-1.88492
-1.88401
-1.88333
-1.8831
-1.88254
-1.88242
-1.88208
-1.88197
-1.88118
-1.88084
-1.88027
-1.88016
-1.87994
-1.87994
-1.87994
-1.87971
-1.87914
-1.87892
-1.87869
-1.87824
-1.87813
-1.87757
-1.87723
-1.87711
-1.87711
-1.87689
-1.87666
-1.87644
-1.8761
-1.87599
-1.87588
-1.87543
-1.8743
-1.87419
-1.87329
-1.87296
-1.87183
-1.8715
-1.87094
-1.8706
-1.87004
-1.86982
-1.86926
-1.86881
-1.86881
-1.86837
-1.86826
-1.86815
-1.86714
-1.86681
-1.86681
-1.8667
-1.86647
-1.86625
-1.86558
-1.86514
-1.86503
-1.86469
-1.86391
-1.86303
-1.86269
-1.86269
-1.86258
-1.86214
-1.86136
-1.86125
-1.86103
-1.86081
-1.86026
-1.86015
-1.86004
-1.85981
-1.85981
-1.85959
-1.8586
-1.85794
-1.85783
-1.85749
-1.85749
-1.85727
-1.85628
-1.85628
-1.85617
-1.85606
-1.85573
-1.85562
-1.85529
-1.85463
-1.85463
-1.85419
-1.85309
-1.85309
-1.85298
-1.85298
-1.85298
-1.85254
-1.85178
-1.85167
-1.85112
-1.85068
-1.85057
-1.85024
-1.8498
-1.8497
-1.84926
-1.84915
-1.84882
-1.84718
-1.84696
-1.84675
-1.8462
-1.84598
-1.84587
-1.84566
-1.84544
-1.84424
-1.84337
-1.84326
-1.84174
-1.84077
-1.8399
-1.83947
-1.83925
-1.83904
-1.83882
-1.8385
-1.83817
-1.83752
-1.83742
-1.83666
-1.83666
-1.83666
-1.83645
-1.83612
-1.83591
-1.83483
-1.83343
-1.833
-1.83139
-1.83139
-1.83118
-1.83107
-1.83107
-1.83075
-1.83
-1.82989
-1.82946
-1.82925
-1.82904
-1.82839
-1.82765
-1.82733
-1.82733
-1.82669
-1.82647
-1.82573
-1.82562
-1.82551
-1.82519
-1.82509
-1.82317
-1.82285
-1.82275
-1.82243
-1.82169
-1.82158
-1.82147
-1.82073
-1.82041
-1.82031
-1.81988
-1.81935
-1.81883
-1.81872
-1.81851
-1.8184
-1.81724
-1.81724
-1.81692
-1.81682
-1.81682
-1.8164
-1.81608
-1.81555
-1.81524
-1.81397
-1.81303
-1.81292
-1.81282
-1.81271
-1.81261
-1.8124
-1.81229
-1.81219
-1.81208
-1.81198
-1.81187
-1.81187
-1.81114
-1.81103
-1.8103
-1.81009
-1.80998
-1.80957
-1.80957
-1.80936
-1.80936
-1.80873
-1.80873
-1.80789
-1.80789
-1.80779
-1.80779
-1.80747
-1.80726
-1.80726
-1.80674
-1.80664
-1.80643
-1.80601
-1.80539
-1.80507
-1.80466
-1.80403
-1.80351
-1.80331
-1.8031
-1.80299
-1.80289
-1.80268
-1.80237
-1.80164
-1.80164
-1.80133
-1.80112
-1.80092
-1.79947
-1.79864
-1.79843
-1.79833
-1.79812
-1.79802
-1.7975
-1.7975
-1.79719
-1.79678
-1.79626
-1.79523
-1.79513
-1.79492
-1.79482
-1.79482
-1.794
-1.79338
-1.79297
-1.79266
-1.79256
-1.79225
-1.79143
-1.79132
-1.79061
-1.78989
-1.78948
-1.78907
-1.78887
-1.78856
-1.78856
-1.78825
-1.78825
-1.78805
-1.78795
-1.78795
-1.78723
-1.78713
-1.78692
-1.78682
-1.78672
-1.7858
-1.7857
-1.78539
-1.78529
-1.78529
-1.78438
-1.78407
-1.78336
-1.78244
-1.78214
-1.78163
-1.78112
-1.78102
-1.78102
-1.78072
-1.78062
-1.77991
-1.77981
-1.7792
-1.7791
-1.77879
-1.77879
-1.77799
-1.77758
-1.77687
-1.77687
-1.77526
-1.77466
-1.77456
-1.77425
-1.77415
-1.77405
-1.77355
-1.77335
-1.77285
-1.77254
-1.77244
-1.77224
-1.77204
-1.77164
-1.77064
-1.77054
-1.77044
-1.77014
-1.76974
-1.76924
-1.76904
-1.76854
-1.76834
-1.76774
-1.76774
-1.76734
-1.76724
-1.76714
-1.76664
-1.76664
-1.76604
-1.76524
-1.76425
-1.76425
-1.76365
-1.76335
-1.76246
-1.76186
-1.76127
-1.76117
-1.76107
-1.76027
-1.76027
-1.76027
-1.75988
-1.75968
-1.75958
-1.75938
-1.75909
-1.75839
-1.75839
-1.7583
-1.7581
-1.7579
-1.7579
-1.75701
-1.75691
-1.75662
-1.75662
-1.75612
-1.75593
-1.75593
-1.75543
-1.75524
-1.75524
-1.75484
-1.75465
-1.75465
-1.75465
-1.75386
-1.75386
-1.75356
-1.75327
-1.75317
-1.75229
-1.7514
-1.75023
-1.75013
-1.74984
-1.74964
-1.74876
-1.74837
-1.74798
-1.74729
-1.74671
-1.74661
-1.74632
-1.74612
-1.74583
-1.74573
-1.74564
-1.74554
-1.74534
-1.74534
-1.74418
-1.74379
-1.7435
-1.7434
-1.7433
-1.7432
-1.74282
-1.74272
-1.74136
-1.74136
-1.74078
-1.74078
-1.7401
-1.73942
-1.73913
-1.73884
-1.73884
-1.73884
-1.73875
-1.73836
-1.73836
-1.73682
-1.73643
-1.73614
-1.73604
-1.73604
-1.73595
-1.73566
-1.73527
-1.73518
-1.73498
-1.7345
-1.7345
-1.7345
-1.7345
-1.73402
-1.73393
-1.73345
-1.73325
-1.73325
-1.73268
-1.73249
-1.73114
-1.73105
-1.73095
-1.73086
-1.73038
-1.73028
-1.7298
-1.72961
-1.72942
-1.72913
-1.72885
-1.72818
-1.72808
-1.7278
-1.72741
-1.72722
-1.72684
-1.72665
-1.72665
-1.72665
-1.72656
-1.72646
-1.72598
-1.7256
-1.72532
-1.72494
-1.72494
-1.72475
-1.72475
-1.72465
-1.72465
-1.72437
-1.72418
-1.7237
-1.72294
-1.72256
-1.72228
-1.72199
-1.72076
-1.72076
-1.72001
-1.71868
-1.7184
-1.71727
-1.71717
-1.71717
-1.71717
-1.71698
-1.71623
-1.71585
-1.71529
-1.7151
-1.71472
-1.71472
-1.71472
-1.71416
-1.71407
-1.71388
-1.71332
-1.71313
-1.7121
-1.71191
-1.71163
-1.71125
-1.71116
-1.71107
-1.7106
-1.7106
-1.70966
-1.7092
-1.70892
-1.70742
-1.70649
-1.7064
-1.70621
-1.70575
-1.70547
-1.70538
-1.70528
-1.70519
-1.70519
-1.705
-1.705
-1.70482
-1.70472
-1.70445
-1.70445
-1.70417
-1.7038
-1.7037
-1.70305
-1.70296
-1.70259
-1.70213
-1.70157
-1.70157
-1.7012
-1.70111
-1.70111
-1.70102
-1.70092
-1.70083
-1.70028
-1.69991
-1.69861
-1.69815
-1.69778
-1.69714
-1.69677
-1.69668
-1.6964
-1.69613
-1.69594
-1.69576
-1.69512
-1.69502
-1.69438
-1.69429
-1.69356
-1.69346
-1.69273
-1.69236
-1.69209
-1.69108
-1.69081
-1.69081
-1.69008
-1.68907
-1.68898
-1.68898
-1.68862
-1.68816
-1.68789
-1.6878
-1.68698
-1.6868
-1.68671
-1.68662
-1.68625
-1.68625
-1.68616
-1.68589
-1.68571
-1.68562
-1.68562
-1.68516
-1.68507
-1.68489
-1.68471
-1.68444
-1.68416
-1.68398
-1.68344
-1.68317
-1.68299
-1.68235
-1.68154
-1.68136
-1.68127
-1.68118
-1.6809
-1.67946
-1.67856
-1.67793
-1.67793
-1.67766
-1.67721
-1.67712
-1.67712
-1.67694
-1.67685
-1.67667
-1.67667
-1.67631
-1.67622
-1.67559
-1.6755
-1.67514
-1.67461
-1.67407
-1.67398
-1.67362
-1.67317
-1.6729
-1.67264
-1.6721
-1.67192
-1.67192
-1.67165
-1.67112
-1.67094
-1.67013
-1.67005
-1.67005
-1.66987
-1.66978
-1.66933
-1.66898
-1.66898
-1.66889
-1.66871
-1.66844
-1.66826
-1.66826
-1.66809
-1.66791
-1.6672
-1.66711
-1.66702
-1.6664
-1.66604
-1.66595
-1.66595
-1.66569
-1.6656
-1.66516
-1.66507
-1.6648
-1.66471
-1.66462
-1.66462
-1.664
-1.6633
-1.66321
-1.6625
-1.66215
-1.6617
-1.6617
-1.6617
-1.66144
-1.66109
-1.66073
-1.66021
-1.66012
-1.65976
-1.65968
-1.65906
-1.65906
-1.65888
-1.65862
-1.65818
-1.65818
-1.65801
-1.65739
-1.65625
-1.65616
-1.6559
-1.65546
-1.65529
-1.65476
-1.65406
-1.6538
-1.65345
-1.65336
-1.65319
-1.65301
-1.65292
-1.65275
-1.65257
-1.65196
-1.65196
-1.6517
-1.65057
-1.65022
-1.65005
-1.64978
-1.64961
-1.64952
-1.64918
-1.64865
-1.64865
-1.64813
-1.64779
-1.6477
-1.6477
-1.64761
-1.64753
-1.64744
-1.64726
-1.64718
-1.647
-1.6464
-1.6464
-1.64631
-1.64605
-1.64596
-1.64588
-1.64588
-1.64553
-1.64536
-1.64493
-1.64458
-1.64449
-1.64415
-1.64406
-1.64389
-1.64372
-1.64372
-1.64372
-1.64337
-1.64328
-1.64311
-1.64285
-1.64277
-1.64199
-1.64147
-1.64139
-1.64104
-1.64053
-1.63992
-1.63949
-1.63924
-1.63889
-1.63889
-1.63855
-1.63838
-1.63786
-1.63778
-1.63692
-1.63658
-1.63641
-1.63589
-1.63589
-1.63589
-1.63581
-1.63564
-1.63529
-1.63495
-1.6341
-1.63401
-1.63393
-1.63376
-1.63341
-1.63316
-1.63273
-1.63248
-1.6318
-1.63137
-1.63094
-1.63069
-1.62992
-1.62984
-1.6295
-1.62942
-1.62942
-1.62933
-1.62916
-1.62908
-1.62891
-1.62882
-1.62874
-1.62874
-1.62865
-1.62831
-1.62823
-1.62806
-1.62797
-1.62755
-1.62704
-1.62696
-1.62687
-1.62653
-1.62653
-1.6262
-1.62611
-1.62603
-1.62603
-1.62586
-1.62569
-1.62552
-1.62527
-1.62476
-1.62476
-1.62434
-1.62425
-1.62409
-1.624
-1.6235
-1.62316
-1.62274
-1.62248
-1.6224
-1.6224
-1.62173
-1.62156
-1.62131
-1.62105
-1.6208
-1.62072
-1.62063
-1.62055
-1.61988
-1.61912
-1.61904
-1.61887
-1.61887
-1.61854
-1.61829
-1.61787
-1.61762
-1.61653
-1.61561
-1.61536
-1.61486
-1.61461
-1.61436
-1.61378
-1.61336
-1.61311
-1.61311
-1.61295
-1.61253
-1.61211
-1.61203
-1.61195
-1.61195
-1.61178
-1.61079
-1.6107
-1.61054
-1.60987
-1.60954
-1.60913
-1.60896
-1.60888
-1.6088
-1.60855
-1.60855
-1.6083
-1.60822
-1.60805
-1.60789
-1.60764
-1.60681
-1.6064
-1.60566
-1.60484
-1.60484
-1.60475
-1.60459
-1.60451
-1.60426
-1.60393
-1.6036
-1.60344
-1.60278
-1.60245
-1.60212
-1.60204
-1.60196
-1.60163
-1.60073
-1.60057
-1.59991
-1.59885
-1.59877
-1.59819
-1.5977
-1.59746
-1.5973
-1.59632
-1.59632
-1.59607
-1.59534
-1.59518
-1.59453
-1.59428
-1.59404
-1.59371
-1.59355
-1.59331
-1.59331
-1.59298
-1.59258
-1.59234
-1.59193
-1.59161
-1.59128
-1.59112
-1.59112
-1.59104
-1.59047
-1.59047
-1.5895
-1.58942
-1.58926
-1.58894
-1.58886
-1.58829
-1.58829
-1.58757
-1.58741
-1.58708
-1.587
-1.58692
-1.58684
-1.58628
-1.58628
-1.58612
-1.5858
-1.58499
-1.58451
-1.58395
-1.58315
-1.58315
-1.58307
-1.58259
-1.58235
-1.58211
-1.58211
-1.58179
-1.58171
-1.58163
-1.58147
-1.58107
-1.58107
-1.58091
-1.58035
-1.58011
-1.57971
-1.57963
-1.57931
-1.57923
-1.57915
-1.57867
-1.57843
-1.57843
-1.57811
-1.57796
-1.57788
-1.57788
-1.57772
-1.57764
-1.57724
-1.577
-1.57629
-1.57621
-1.57597
-1.57589
-1.57565
-1.57549
-1.57525
-1.57509
-1.57486
-1.5743
-1.57414
-1.57351
-1.57327
-1.57311
-1.57296
-1.57232
-1.57217
-1.57209
-1.57201
-1.57201
-1.57161
-1.57138
-1.57106
-1.5709
-1.5709
-1.56964
-1.56933
-1.56933
-1.56901
-1.56893
-1.56854
-1.56822
-1.56752
-1.56744
-1.56744
-1.5672
-1.56712
-1.56595
-1.56563
-1.56556
-1.56556
-1.56509
-1.56336
-1.56305
-1.56266
-1.56258
-1.56235
-1.56149
-1.56134
-1.56118
-1.56079
-1.56071
-1.56024
-1.5597
-1.55962
-1.55947
-1.55947
-1.55916
-1.55869
-1.55869
-1.55861
-1.55861
-1.5576
-1.55722
-1.55722
-1.55714
-1.55675
-1.55652
-1.55598
-1.55574
-1.55559
-1.55474
-1.55466
-1.55466
-1.55458
-1.55443
-1.55443
-1.5542
-1.55389
-1.55389
-1.55366
-1.55296
-1.55273
-1.55227
-1.55219
-1.55196
-1.55088
-1.5505
-1.55004
-1.54981
-1.54965
-1.54942
-1.54858
-1.5482
-1.54804
-1.54804
-1.54797
-1.54774
-1.54735
-1.5469
-1.54674
-1.54674
-1.54644
-1.54636
-1.54621
-1.54621
-1.54605
-1.54583
-1.54453
-1.54445
-1.54422
-1.54399
-1.54354
-1.54331
-1.54308
-1.543
-1.54255
-1.54255
-1.54239
-1.54232
-1.54217
-1.54179
-1.54148
-1.54141
-1.54125
-1.54095
-1.54065
-1.54065
-1.5405
-1.54019
-1.54004
-1.53989
-1.53951
-1.53906
-1.53875
-1.53875
-1.53837
-1.5383
-1.53815
-1.53792
-1.53777
-1.53754
-1.53754
-1.53709
-1.53679
-1.53679
-1.53664
-1.53603
-1.53565
-1.53558
-1.53535
-1.5352
-1.5352
-1.53437
-1.53422
-1.53385
-1.53362
-1.53362
-1.53355
-1.53332
-1.5331
-1.5328
-1.53257
-1.53242
-1.53234
-1.53197
-1.53152
-1.53107
-1.53077
-1.53069
-1.53069
-1.53062
-1.53054
-1.53025
-1.5298
-1.52942
-1.5292
-1.52912
-1.5289
-1.52882
-1.5286
-1.52838
-1.5283
-1.52808
-1.528
-1.52793
-1.52785
-1.52778
-1.52755
-1.52726
-1.52718
-1.52718
-1.52703
-1.52696
-1.52666
-1.52659
-1.52569
-1.52539
-1.5248
-1.52473
-1.5245
-1.5245
-1.52428
-1.52413
-1.52406
-1.52391
-1.52354
-1.52346
-1.52339
-1.52331
-1.52272
-1.52242
-1.52176
-1.52161
-1.52146
-1.52094
-1.52087
-1.52057
-1.51998
-1.51998
-1.51984
-1.51976
-1.5191
-1.51902
-1.5188
-1.51858
-1.51851
-1.51843
-1.51836
-1.51829
-1.51829
-1.51829
-1.51829
-1.51777
-1.51762
-1.51748
-1.51725
-1.51681
-1.51659
-1.51645
-1.51615
-1.51608
-1.51571
-1.51556
-1.51549
-1.51542
-1.51534
-1.5152
-1.5152
-1.51483
-1.51373
-1.51314
-1.51307
-1.51263
-1.51263
-1.51256
-1.51241
-1.51241
-1.51197
-1.51154
-1.51146
-1.51073
-1.51066
-1.50971
-1.50964
-1.50957
-1.50949
-1.50942
-1.50935
-1.50935
-1.50884
-1.5084
-1.50826
-1.50818
-1.50811
-1.50767
-1.50753
-1.50666
-1.50593
-1.50579
-1.50579
-1.50564
-1.50521
-1.50463
-1.50456
-1.50427
-1.50427
-1.50405
-1.50398
-1.50347
-1.50325
-1.50311
-1.50304
-1.50304
-1.50297
-1.50289
-1.50289
-1.50239
-1.50167
-1.50152
-1.50123
-1.50102
-1.5003
-1.50015
-1.50001
-1.49994
-1.49972
-1.49951
-1.49922
-1.49893
-1.49872
-1.49857
-1.4985
-1.49814
-1.49785
-1.49785
-1.49764
-1.4975
-1.49742
-1.49735
-1.49692
-1.49685
-1.49685
-1.49671
-1.49656
-1.49649
-1.49606
-1.49563
-1.49506
-1.49478
-1.49456
-1.49456
-1.49413
-1.49399
-1.49392
-1.49271
-1.49257
-1.49235
-1.49192
-1.49185
-1.49164
-1.49164
-1.49114
-1.491
-1.49086
-1.4905
-1.4905
-1.49036
-1.49008
-1.49008
-1.48993
-1.48993
-1.48972
-1.48972
-1.4893
-1.48908
-1.48887
-1.48873
-1.48845
-1.48837
-1.48802
-1.48802
-1.4876
-1.48661
-1.48632
-1.48562
-1.48555
-1.48449
-1.48421
-1.48414
-1.48407
-1.48407
-1.48407
-1.48386
-1.48379
-1.48357
-1.48343
-1.48315
-1.4828
-1.4828
-1.48252
-1.48238
-1.48224
-1.48189
-1.48168
-1.48161
-1.48147
-1.48133
-1.48076
-1.48041
-1.48013
-1.47999
-1.47992
-1.47985
-1.47985
-1.47978
-1.47964
-1.47929
-1.47922
-1.47901
-1.4788
-1.47804
-1.47776
-1.47734
-1.47734
-1.47713
-1.47713
-1.47706
-1.47622
-1.47615
-1.47573
-1.47553
-1.47518
-1.47518
-1.47462
-1.47393
-1.47365
-1.4733
-1.4733
-1.47323
-1.47282
-1.47275
-1.47268
-1.47268
-1.47247
-1.4724
-1.47219
-1.47205
-1.47143
-1.47108
-1.47053
-1.47039
-1.47025
-1.47012
-1.46998
-1.46929
-1.46915
-1.46887
-1.4688
-1.46874
-1.46867
-1.46839
-1.46791
-1.4675
-1.46743
-1.46729
-1.46729
-1.46729
-1.46708
-1.4666
-1.46639
-1.46633
-1.46598
-1.46591
-1.46543
-1.46516
-1.46475
-1.46468
-1.46454
-1.4642
-1.46344
-1.46344
-1.46269
-1.46146
-1.46091
-1.46091
-1.46037
-1.46023
-1.46023
-1.46023
-1.4601
-1.45989
-1.45969
-1.45969
-1.45948
-1.45948
-1.45942
-1.45935
-1.45921
-1.4586
-1.45846
-1.45812
-1.45751
-1.45731
-1.45731
-1.45724
-1.45649
-1.45582
-1.45582
-1.45561
-1.45554
-1.45554
-1.45514
-1.45514
-1.45507
-1.455
-1.45453
-1.45439
-1.45426
-1.45412
-1.45399
-1.45372
-1.45345
-1.45318
-1.4523
-1.45223
-1.45183
-1.45156
-1.45149
-1.45129
-1.45102
-1.45048
-1.45028
-1.45001
-1.44947
-1.4492
-1.4492
-1.44914
-1.44907
-1.44793
-1.44699
-1.44672
-1.44672
-1.44639
-1.44599
-1.44592
-1.44452
-1.44445
-1.44392
-1.44345
-1.44292
-1.44292
-1.44245
-1.44206
-1.44172
-1.44139
-1.44139
-1.44126
-1.44113
-1.44106
-1.44066
-1.44059
-1.44026
-1.43986
-1.4396
-1.43927
-1.43867
-1.43854
-1.43854
-1.43828
-1.43801
-1.43794
-1.43781
-1.43775
-1.43722
-1.43722
-1.43715
-1.43702
-1.43676
-1.43669
-1.43669
-1.43656
-1.43643
-1.43643
-1.43629
-1.43616
-1.43596
-1.43596
-1.4357
-1.43544
-1.43537
-1.43537
-1.43406
-1.43399
-1.43386
-1.43379
-1.43373
-1.43346
-1.433
-1.43287
-1.43156
-1.4315
-1.4313
-1.4313
-1.43104
-1.43045
-1.43012
-1.42999
-1.42973
-1.42894
-1.42888
-1.42881
-1.42868
-1.42803
-1.42797
-1.42771
-1.42738
-1.42731
-1.42699
-1.42686
-1.42666
-1.42666
-1.42608
-1.42601
-1.42582
-1.42497
-1.42471
-1.42452
-1.42445
-1.42439
-1.42432
-1.4242
-1.42407
-1.42407
-1.424
-1.42381
-1.42322
-1.42309
-1.42303
-1.42251
-1.42199
-1.42167
-1.42154
-1.42154
-1.42141
-1.42122
-1.42096
-1.4209
-1.4209
-1.42064
-1.42057
-1.42038
-1.42012
-1.42006
-1.41999
-1.4198
-1.41877
-1.41851
-1.41845
-1.41819
-1.418
-1.41697
-1.41658
-1.41652
-1.41626
-1.41607
-1.41594
-1.41543
-1.41466
-1.41453
-1.41421
-1.41409
-1.41389
-1.41364
-1.41319
-1.41255
-1.41243
-1.41217
-1.41192
-1.41172
-1.41147
-1.41077
-1.41045
-1.41026
-1.41001
-1.40994
-1.40975
-1.40969
-1.40956
-1.4095
-1.40943
-1.40937
-1.40912
-1.40899
-1.40893
-1.40886
-1.4088
-1.40867
-1.40855
-1.40855
-1.40766
-1.40734
-1.40715
-1.40703
-1.40696
-1.40652
-1.40614
-1.40582
-1.40544
-1.40544
-1.40462
-1.40462
-1.40456
-1.40437
-1.40374
-1.40355
-1.40343
-1.40336
-1.40317
-1.40299
-1.40292
-1.40286
-1.40286
-1.40267
-1.40261
-1.40248
-1.40217
-1.40198
-1.40179
-1.40173
-1.4016
-1.40129
-1.40123
-1.40035
-1.40028
-1.4001
-1.40003
-1.39991
-1.39985
-1.39978
-1.39972
-1.3996
-1.3996
-1.39947
-1.39928
-1.39909
-1.39909
-1.39891
-1.39884
-1.39878
-1.39841
-1.39828
-1.39816
-1.39778
-1.39747
-1.39716
-1.39709
-1.39709
-1.39678
-1.39672
-1.39647
-1.39616
-1.39597
-1.39591
-1.39566
-1.39479
-1.39473
-1.3946
-1.39448
-1.39386
-1.39367
-1.39367
-1.39355
-1.39342
-1.39324
-1.39317
-1.39311
-1.39293
-1.39193
-1.39193
-1.39181
-1.39175
-1.39169
-1.39144
-1.39119
-1.39107
-1.39057
-1.3902
-1.39014
-1.38952
-1.38928
-1.38915
-1.38897
-1.38878
-1.3886
-1.38854
-1.38854
-1.38786
-1.38767
-1.38767
-1.3873
-1.38724
-1.38712
-1.38681
-1.38675
-1.38669
-1.38669
-1.38657
-1.3865
-1.38632
-1.3862
-1.38589
-1.38577
-1.38571
-1.38564
-1.38552
-1.38534
-1.38503
-1.38503
-1.38485
-1.38448
-1.38436
-1.3843
-1.38417
-1.38362
-1.38362
-1.3835
-1.38277
-1.38246
-1.3824
-1.38191
-1.38185
-1.38154
-1.38142
-1.38112
-1.38087
-1.38069
-1.3802
-1.38002
-1.3799
-1.37984
-1.37959
-1.37905
-1.37899
-1.37892
-1.37886
-1.37874
-1.37868
-1.37814
-1.37807
-1.37698
-1.37638
-1.37632
-1.37626
-1.37619
-1.37595
-1.37589
-1.37529
-1.37492
-1.37492
-1.37474
-1.37474
-1.3745
-1.37432
-1.37402
-1.37402
-1.37396
-1.37378
-1.3736
-1.37348
-1.37335
-1.37305
-1.37293
-1.37275
-1.37275
-1.37269
-1.37263
-1.37257
-1.37233
-1.37215
-1.37197
-1.37179
-1.37149
-1.37053
-1.37041
-1.36987
-1.36939
-1.36939
-1.36921
-1.36903
-1.36885
-1.36843
-1.36843
-1.36831
-1.36801
-1.36783
-1.36747
-1.36717
-1.36717
-1.36711
-1.36693
-1.36681
-1.36681
-1.36645
-1.3664
-1.3664
-1.36616
-1.36616
-1.36604
-1.36598
-1.36598
-1.36598
-1.36586
-1.36556
-1.36508
-1.36496
-1.36484
-1.36479
-1.36479
-1.36467
-1.36461
-1.36431
-1.36425
-1.36395
-1.36383
-1.36377
-1.36354
-1.36354
-1.36294
-1.36282
-1.36276
-1.36264
-1.36264
-1.36264
-1.36211
-1.36205
-1.36199
-1.36199
-1.36181
-1.3614
-1.36075
-1.36063
-1.36039
-1.36022
-1.3601
-1.35974
-1.35956
-1.35921
-1.35921
-1.35886
-1.35874
-1.35868
-1.35862
-1.35862
-1.35838
-1.35838
-1.35827
-1.35809
-1.35803
-1.35797
-1.35785
-1.35762
-1.3575
-1.35738
-1.35732
-1.35715
-1.35632
-1.35632
-1.35609
-1.35597
-1.35544
-1.35497
-1.35497
-1.35462
-1.35456
-1.3545
-1.35438
-1.35427
-1.35397
-1.35397
-1.3538
-1.35368
-1.35362
-1.35345
-1.35345
-1.35333
-1.35298
-1.35292
-1.35257
-1.35228
-1.35216
-1.35204
-1.35093
-1.35093
-1.35087
-1.35064
-1.35047
-1.35041
-1.35023
-1.35023
-1.34988
-1.34982
-1.34982
-1.34982
-1.34965
-1.34948
-1.34901
-1.34889
-1.34866
-1.34837
-1.34831
-1.34825
-1.34802
-1.34785
-1.34721
-1.34715
-1.34692
-1.34686
-1.34634
-1.34628
-1.34622
-1.34611
-1.34564
-1.34535
-1.34518
-1.34501
-1.34426
-1.34408
-1.34374
-1.34351
-1.34327
-1.34287
-1.34258
-1.34229
-1.34224
-1.34224
-1.34201
-1.34201
-1.34195
-1.34172
-1.34166
-1.34143
-1.34126
-1.34126
-1.34103
-1.34097
-1.34091
-1.3408
-1.34074
-1.3404
-1.33982
-1.33942
-1.33896
-1.33879
-1.33862
-1.33822
-1.33822
-1.33799
-1.33793
-1.33782
-1.33719
-1.33719
-1.33713
-1.33713
-1.3369
-1.33673
-1.33587
-1.33582
-1.33576
-1.33547
-1.33502
-1.33485
-1.33411
-1.33308
-1.33297
-1.33286
-1.33286
-1.33274
-1.33246
-1.33183
-1.33166
-1.33149
-1.33138
-1.33127
-1.33121
-1.33076
-1.33042
-1.33042
-1.33002
-1.3298
-1.3294
-1.32917
-1.32889
-1.32884
-1.32872
-1.32867
-1.32827
-1.32816
-1.3281
-1.3281
-1.32776
-1.32771
-1.32771
-1.32765
-1.32759
-1.32754
-1.3272
-1.32664
-1.32624
-1.32619
-1.32619
-1.32591
-1.32591
-1.32557
-1.32557
-1.3254
-1.3254
-1.32501
-1.3249
-1.32478
-1.32467
-1.32467
-1.32461
-1.32461
-1.32422
-1.32422
-1.32355
-1.32321
-1.32316
-1.32316
-1.32299
-1.32282
-1.3226
-1.32249
-1.32204
-1.32204
-1.32187
-1.3217
-1.32159
-1.32126
-1.3212
-1.3212
-1.32115
-1.32076
-1.32053
-1.32048
-1.32042
-1.3202
-1.32014
-1.31998
-1.31986
-1.31975
-1.31947
-1.31942
-1.31825
-1.31814
-1.31803
-1.31797
-1.31792
-1.31786
-1.31786
-1.31764
-1.31753
-1.31736
-1.31731
-1.31731
-1.31714
-1.31697
-1.3167
-1.3167
-1.31642
-1.31631
-1.3162
-1.31603
-1.31581
-1.31531
-1.31498
-1.31498
-1.31498
-1.31493
-1.31493
-1.3147
-1.31448
-1.31437
-1.31426
-1.31421
-1.31404
-1.31393
-1.31377
-1.31371
-1.31366
-1.3136
-1.31332
-1.31277
-1.31266
-1.31255
-1.31255
-1.31244
-1.31217
-1.31217
-1.31211
-1.312
-1.31184
-1.31167
-1.31096
-1.31063
-1.31024
-1.31024
-1.31024
-1.30942
-1.30931
-1.3086
-1.30854
-1.30843
-1.30843
-1.30838
-1.30838
-1.30805
-1.30761
-1.30756
-1.30745
-1.30712
-1.30598
-1.30598
-1.30587
-1.30559
-1.30461
-1.30451
-1.30451
-1.30445
-1.3044
-1.30434
-1.30423
-1.3038
-1.30364
-1.30364
-1.30353
-1.30326
-1.3032
-1.30304
-1.30298
-1.30288
-1.30282
-1.30266
-1.3026
-1.30239
-1.30239
-1.30239
-1.30195
-1.3019
-1.30179
-1.30147
-1.3013
-1.30119
-1.30119
-1.30114
-1.30114
-1.30103
-1.30087
-1.30071
-1.3006
-1.30028
-1.30017
-1.29973
-1.29957
-1.29946
-1.2993
-1.29903
-1.29876
-1.29866
-1.29844
-1.29822
-1.29817
-1.29785
-1.29785
-1.29752
-1.29747
-1.29709
-1.29699
-1.29693
-1.29677
-1.29645
-1.29623
-1.29564
-1.29559
-1.29532
-1.29521
-1.29516
-1.295
-1.29478
-1.29462
-1.29387
-1.29382
-1.29361
-1.29329
-1.29318
-1.29286
-1.29232
-1.29142
-1.29131
-1.29131
-1.29126
-1.2912
-1.29094
-1.29088
-1.29062
-1.29062
-1.29056
-1.29035
-1.28993
-1.28982
-1.28918
-1.28892
-1.28876
-1.2887
-1.28854
-1.28807
-1.2878
-1.28701
-1.28685
-1.28664
-1.28653
-1.28642
-1.28632
-1.28595
-1.28473
-1.28473
-1.28452
-1.28436
-1.28426
-1.28426
-1.28426
-1.28426
-1.28421
-1.28384
-1.28384
-1.28357
-1.28315
-1.28305
-1.28305
-1.28284
-1.28273
-1.28252
-1.28252
-1.28242
-1.28226
-1.28205
-1.28194
-1.28189
-1.28173
-1.28157
-1.28136
-1.28136
-1.28131
-1.28105
-1.28105
-1.28094
-1.28094
-1.28047
-1.28042
-1.28042
-1.28037
-1.28026
-1.28021
-1.28011
-1.2799
-1.27958
-1.27953
-1.27943
-1.27916
-1.27906
-1.27906
-1.27901
-1.27869
-1.27864
-1.27864
-1.27848
-1.27838
-1.2777
-1.27697
-1.27687
-1.27608
-1.27608
-1.27603
-1.27603
-1.27603
-1.27588
-1.27588
-1.27582
-1.27536
-1.2751
-1.27504
-1.27504
-1.27473
-1.27458
-1.27437
-1.27432
-1.27421
-1.27421
-1.27411
-1.27385
-1.2738
-1.27344
-1.27302
-1.27286
-1.27286
-1.27281
-1.27271
-1.2725
-1.27224
-1.27224
-1.27199
-1.27183
-1.27183
-1.27136
-1.27131
-1.27121
-1.2709
-1.2709
-1.27028
-1.27023
-1.27013
-1.27007
-1.26992
-1.26982
-1.26976
-1.26951
-1.26935
-1.2693
-1.26925
-1.26904
-1.26853
-1.26843
-1.26837
-1.26832
-1.26822
-1.26807
-1.26801
-1.26786
-1.26755
-1.26755
-1.2674
-1.26719
-1.26673
-1.26673
-1.26673
-1.26653
-1.26653
-1.26622
-1.26617
-1.26601
-1.2655
-1.26545
-1.26535
-1.2653
-1.26524
-1.26489
-1.26484
-1.26468
-1.26443
-1.26437
-1.26437
-1.26427
-1.26427
-1.26402
-1.26402
-1.263
-1.26289
-1.26274
-1.26274
-1.26254
-1.26244
-1.26244
-1.26233
-1.26198
-1.26188
-1.26182
-1.26182
-1.26162
-1.26152
-1.26147
-1.26126
-1.26121
-1.26116
-1.26116
-1.26096
-1.26065
-1.2605
-1.26045
-1.26035
-1.2603
-1.26025
-1.25979
-1.25979
-1.25959
-1.25949
-1.25934
-1.25928
-1.25923
-1.25918
-1.25883
-1.25878
-1.25878
-1.25863
-1.25857
-1.25847
-1.25842
-1.25837
-1.25837
-1.25832
-1.25832
-1.25792
-1.25782
-1.25777
-1.25761
-1.25736
-1.25716
-1.25706
-1.25701
-1.25665
-1.25635
-1.2562
-1.25585
-1.25569
-1.25554
-1.25554
-1.25549
-1.25519
-1.25514
-1.25494
-1.25449
-1.25444
-1.25428
-1.25423
-1.25418
-1.25403
-1.25403
-1.25393
-1.25383
-1.25368
-1.25358
-1.25328
-1.25248
-1.25223
-1.25223
-1.25183
-1.25157
-1.25157
-1.25152
-1.25082
-1.25082
-1.25072
-1.25052
-1.25052
-1.25017
-1.25012
-1.24967
-1.24928
-1.24913
-1.24893
-1.24878
-1.24878
-1.24858
-1.24843
-1.24828
-1.24818
-1.24818
-1.24768
-1.24768
-1.24753
-1.24743
-1.24743
-1.24743
-1.24733
-1.24688
-1.24679
-1.24674
-1.24674
-1.24664
-1.24584
-1.24574
-1.24559
-1.24544
-1.2453
-1.2451
-1.2449
-1.2447
-1.2447
-1.24455
-1.24431
-1.24426
-1.24421
-1.24401
-1.24391
-1.24376
-1.24371
-1.24361
-1.24356
-1.24351
-1.24351
-1.24337
-1.24327
-1.24317
-1.24238
-1.24228
-1.24213
-1.24184
-1.24174
-1.24154
-1.24115
-1.2409
-1.2408
-1.24065
-1.24055
-1.24051
-1.24051
-1.23982
-1.23972
-1.23962
-1.23933
-1.23923
-1.23923
-1.23923
-1.23883
-1.23859
-1.23839
-1.23776
-1.23766
-1.23751
-1.23751
-1.23746
-1.23722
-1.23707
-1.23707
-1.23692
-1.23673
-1.23673
-1.23663
-1.23658
-1.23658
-1.23609
-1.23604
-1.2359
-1.23575
-1.23531
-1.23492
-1.23473
-1.23468
-1.23468
-1.23458
-1.23439
-1.23439
-1.23434
-1.23429
-1.23424
-1.23414
-1.23404
-1.2338
-1.23346
-1.23322
-1.23307
-1.23283
-1.23278
-1.23215
-1.23166
-1.23157
-1.23132
-1.23123
-1.23123
-1.23113
-1.23098
-1.23079
-1.2305
-1.2304
-1.2304
-1.23026
-1.23007
-1.22997
-1.22982
-1.22977
-1.22977
-1.22968
-1.22963
-1.22915
-1.22905
-1.22866
-1.22866
-1.22862
-1.22862
-1.22857
-1.22808
-1.22804
-1.22751
-1.22736
-1.22736
-1.22731
-1.22727
-1.22698
-1.22683
-1.22683
-1.22659
-1.22645
-1.22626
-1.22616
-1.22606
-1.22597
-1.22592
-1.22573
-1.22563
-1.22544
-1.22534
-1.22525
-1.22525
-1.22501
-1.22481
-1.22438
-1.22419
-1.2241
-1.22405
-1.2239
-1.2239
-1.22386
-1.22366
-1.22362
-1.22357
-1.22352
-1.22343
-1.22319
-1.22314
-1.22309
-1.2228
-1.2228
-1.22261
-1.22256
-1.22252
-1.22247
-1.22247
-1.22218
-1.22175
-1.2217
-1.22166
-1.22132
-1.22104
-1.22094
-1.22051
-1.22051
-1.22051
-1.22028
-1.22028
-1.22013
-1.21989
-1.21975
-1.21947
-1.21942
-1.21909
-1.21856
-1.21837
-1.21823
-1.21818
-1.21818
-1.21814
-1.21757
-1.21757
-1.21733
-1.21733
-1.21733
-1.21705
-1.21648
-1.21643
-1.21643
-1.21619
-1.2161
-1.21601
-1.21596
-1.21586
-1.21558
-1.21549
-1.21534
-1.2153
-1.21525
-1.21515
-1.21515
-1.21511
-1.21511
-1.21506
-1.21501
-1.21487
-1.21487
-1.21454
-1.21431
-1.21426
-1.21416
-1.21398
-1.21388
-1.21369
-1.21365
-1.21308
-1.21294
-1.2128
-1.21266
-1.21219
-1.21205
-1.212
-1.21195
-1.21191
-1.21177
-1.21172
-1.2113
-1.2112
-1.21101
-1.21101
-1.21087
-1.21083
-1.21036
-1.21036
-1.21022
-1.20994
-1.20975
-1.20952
-1.20947
-1.20942
-1.20942
-1.20905
-1.20881
-1.20877
-1.20858
-1.20858
-1.20849
-1.20816
-1.20811
-1.20797
-1.20793
-1.20732
-1.20695
-1.20644
-1.20639
-1.20625
-1.20611
-1.20606
-1.20602
-1.20588
-1.20588
-1.20495
-1.2049
-1.20458
-1.20458
-1.2043
-1.20416
-1.20402
-1.20402
-1.20398
-1.2037
-1.20351
-1.20328
-1.20314
-1.20305
-1.20286
-1.20254
-1.20212
-1.20199
-1.20185
-1.20176
-1.20166
-1.20166
-1.20166
-1.20152
-1.20134
-1.20129
-1.20097
-1.20092
-1.20079
-1.20079
-1.20065
-1.2006
-1.20056
-1.20051
-1.20033
-1.19982
-1.19959
-1.1995
-1.19908
-1.19899
-1.19895
-1.19881
-1.19849
-1.19835
-1.19826
-1.19821
-1.19798
-1.19761
-1.19748
-1.19748
-1.19729
-1.1972
-1.19665
-1.19656
-1.19656
-1.19651
-1.19647
-1.19638
-1.19624
-1.19587
-1.19569
-1.1956
-1.19523
-1.19519
-1.19505
-1.19469
-1.19464
-1.19455
-1.1945
-1.19432
-1.19418
-1.19409
-1.19409
-1.19396
-1.19368
-1.1935
-1.19295
-1.19291
-1.19277
-1.19268
-1.19268
-1.1925
-1.19241
-1.19232
-1.19227
-1.19214
-1.192
-1.19186
-1.19177
-1.19177
-1.19173
-1.19173
-1.19164
-1.19164
-1.19155
-1.19127
-1.19123
-1.19123
-1.19123
-1.19096
-1.19055
-1.19037
-1.19028
-1.19023
-1.19019
-1.18969
-1.18964
-1.1896
-1.1896
-1.18951
-1.18946
-1.18928
-1.18924
-1.18914
-1.18892
-1.18887
-1.18874
-1.18874
-1.18851
-1.18838
-1.1882
-1.18815
-1.18806
-1.18797
-1.18793
-1.18774
-1.18761
-1.18756
-1.18756
-1.18716
-1.18702
-1.18666
-1.18662
-1.1863
-1.18608
-1.18581
-1.18567
-1.18513
-1.185
-1.18496
-1.18482
-1.18469
-1.18451
-1.18451
-1.18433
-1.18428
-1.18397
-1.18397
-1.18388
-1.18374
-1.1837
-1.18361
-1.18312
-1.18289
-1.18276
-1.18249
-1.18249
-1.18245
-1.18222
-1.182
-1.18187
-1.18169
-1.18155
-1.18137
-1.1812
-1.18106
-1.18075
-1.18057
-1.17995
-1.1799
-1.17977
-1.17937
-1.17937
-1.17933
-1.17928
-1.17906
-1.17906
-1.17906
-1.17901
-1.17893
-1.17884
-1.17853
-1.17835
-1.1783
-1.17826
-1.17817
-1.17808
-1.1779
-1.17777
-1.17773
-1.17768
-1.17764
-1.17764
-1.17751
-1.17737
-1.17733
-1.17724
-1.17706
-1.17702
-1.17675
-1.17653
-1.17653
-1.17653
-1.1764
-1.17622
-1.17618
-1.17609
-1.17604
-1.176
-1.17596
-1.17587
-1.17587
-1.17573
-1.17551
-1.17538
-1.17538
-1.17529
-1.17525
-1.17516
-1.17481
-1.17468
-1.17423
-1.17419
-1.17419
-1.17415
-1.1741
-1.1741
-1.1741
-1.17384
-1.17371
-1.17344
-1.17318
-1.17318
-1.17291
-1.17291
-1.17283
-1.17265
-1.17261
-1.17239
-1.17225
-1.17212
-1.17208
-1.17203
-1.17203
-1.17181
-1.17168
-1.17155
-1.17155
-1.17133
-1.17094
-1.17089
-1.17085
-1.17076
-1.17019
-1.17006
-1.17006
-1.16975
-1.16962
-1.1691
-1.16897
-1.16871
-1.16866
-1.16853
-1.16849
-1.16844
-1.1684
-1.1684
-1.16814
-1.16788
-1.16775
-1.16757
-1.16744
-1.1674
-1.16705
-1.16692
-1.16683
-1.16666
-1.16648
-1.16631
-1.16631
-1.16622
-1.16596
-1.16583
-1.16574
-1.16561
-1.16553
-1.16548
-1.16518
-1.16505
-1.16496
-1.16466
-1.16462
-1.1644
-1.16435
-1.16431
-1.16427
-1.16427
-1.16414
-1.16414
-1.16409
-1.16388
-1.16379
-1.16332
-1.16323
-1.16288
-1.16284
-1.16249
-1.16245
-1.16215
-1.16206
-1.16202
-1.16198
-1.16198
-1.16137
-1.16137
-1.16133
-1.16124
-1.16098
-1.16081
-1.16055
-1.16042
-1.16034
-1.16029
-1.16021
-1.16008
-1.15995
-1.15995
-1.15965
-1.15961
-1.15943
-1.15935
-1.159
-1.15883
-1.15883
-1.15883
-1.15875
-1.15845
-1.15789
-1.15746
-1.15738
-1.15716
-1.15708
-1.1566
-1.15643
-1.15635
-1.15601
-1.15588
-1.15566
-1.15545
-1.15545
-1.15532
-1.15532
-1.1552
-1.1552
-1.15511
-1.15502
-1.1549
-1.15481
-1.15464
-1.15464
-1.1546
-1.15451
-1.15434
-1.15421
-1.15392
-1.15379
-1.1537
-1.1537
-1.15328
-1.15273
-1.1526
-1.1526
-1.15251
-1.15171
-1.15158
-1.15137
-1.1509
-1.15082
-1.15082
-1.15077
-1.15052
-1.15044
-1.15035
-1.15018
-1.15018
-1.1498
-1.14976
-1.14963
-1.14913
-1.14896
-1.14862
-1.14841
-1.14837
-1.14795
-1.1479
-1.14778
-1.14748
-1.14727
-1.14727
-1.14706
-1.14706
-1.14702
-1.14689
-1.14668
-1.14664
-1.14643
-1.1463
-1.14618
-1.14609
-1.14534
-1.1453
-1.14526
-1.14513
-1.14492
-1.14471
-1.14438
-1.14425
-1.14408
-1.14396
-1.14391
-1.14391
-1.14371
-1.14366
-1.1435
-1.1435
-1.14333
-1.14325
-1.14316
-1.14312
-1.14308
-1.14304
-1.143
-1.14295
-1.14262
-1.14258
-1.14254
-1.14254
-1.14183
-1.14158
-1.14153
-1.14133
-1.14129
-1.14129
-1.14062
-1.14062
-1.14058
-1.14037
-1.14033
-1.14016
-1.14008
-1.13991
-1.1397
-1.13962
-1.13958
-1.13954
-1.1395
-1.13921
-1.13904
-1.139
-1.13892
-1.13892
-1.1385
-1.13825
-1.13809
-1.13784
-1.1378
-1.13747
-1.13734
-1.13714
-1.13709
-1.13689
-1.13664
-1.13664
-1.13635
-1.13627
-1.13619
-1.1359
-1.13569
-1.13569
-1.13557
-1.1354
-1.13532
-1.13495
-1.13483
-1.13454
-1.13417
-1.13396
-1.13376
-1.13363
-1.13351
-1.13318
-1.13298
-1.13298
-1.13293
-1.13277
-1.13248
-1.13236
-1.1322
-1.13216
-1.13211
-1.13187
-1.13187
-1.1317
-1.13158
-1.13158
-1.13154
-1.13109
-1.13076
-1.13052
-1.13044
-1.13019
-1.13015
-1.12991
-1.12974
-1.12974
-1.1297
-1.1295
-1.1295
-1.12946
-1.12942
-1.12933
-1.12925
-1.12913
-1.12909
-1.12897
-1.12893
-1.1288
-1.12868
-1.12864
-1.12864
-1.12848
-1.12848
-1.1284
-1.12836
-1.12832
-1.12819
-1.12819
-1.12795
-1.12791
-1.12787
-1.12783
-1.12771
-1.1275
-1.12718
-1.1271
-1.1271
-1.12706
-1.12702
-1.12697
-1.12693
-1.12693
-1.12669
-1.1262
-1.12612
-1.12588
-1.1258
-1.12547
-1.12519
-1.12507
-1.12507
-1.12475
-1.12458
-1.12442
-1.12418
-1.12414
-1.12414
-1.12394
-1.12386
-1.12378
-1.12378
-1.12337
-1.12333
-1.12325
-1.12317
-1.12313
-1.12301
-1.12297
-1.12249
-1.12204
-1.12196
-1.1218
-1.1218
-1.12172
-1.12168
-1.12148
-1.12148
-1.12116
-1.12112
-1.12096
-1.12076
-1.12043
-1.12035
-1.12031
-1.11999
-1.11987
-1.11967
-1.11955
-1.11955
-1.11951
-1.11947
-1.11947
-1.11939
-1.11935
-1.11927
-1.11923
-1.11907
-1.11887
-1.11875
-1.11867
-1.11863
-1.11831
-1.11783
-1.11767
-1.11763
-1.11743
-1.11723
-1.11719
-1.11719
-1.11707
-1.11699
-1.11679
-1.11659
-1.11651
-1.1162
-1.11608
-1.116
-1.11588
-1.11572
-1.1156
-1.11556
-1.11552
-1.11524
-1.11504
-1.11488
-1.1148
-1.11476
-1.11476
-1.11464
-1.11464
-1.11464
-1.11457
-1.11445
-1.11437
-1.11417
-1.11405
-1.11397
-1.11389
-1.11381
-1.11381
-1.11377
-1.11365
-1.11345
-1.11345
-1.11334
-1.11322
-1.11314
-1.11282
-1.11274
-1.11254
-1.1125
-1.11246
-1.11242
-1.11215
-1.11215
-1.11191
-1.11179
-1.11136
-1.11112
-1.11108
-1.11092
-1.11092
-1.11057
-1.11049
-1.11041
-1.11025
-1.1101
-1.10974
-1.10974
-1.10974
-1.1097
-1.10939
-1.10935
-1.10923
-1.10923
-1.10919
-1.10915
-1.10903
-1.10876
-1.10864
-1.10856
-1.10848
-1.1084
-1.10825
-1.10817
-1.10762
-1.10746
-1.10742
-1.10734
-1.10723
-1.10695
-1.10695
-1.10656
-1.10629
-1.10629
-1.10597
-1.10597
-1.1059
-1.1059
-1.1057
-1.10566
-1.10531
-1.10496
-1.10468
-1.10465
-1.10398
-1.1039
-1.10387
-1.10387
-1.10383
-1.10324
-1.10309
-1.10305
-1.10274
-1.10258
-1.10219
-1.10161
-1.10157
-1.10153
-1.10153
-1.10142
-1.10111
-1.10084
-1.10072
-1.10056
-1.10029
-1.10025
-1.10006
-1.09983
-1.09983
-1.09944
-1.09944
-1.09921
-1.09906
-1.0989
-1.0989
-1.0989
-1.09886
-1.09867
-1.09859
-1.09832
-1.09817
-1.09809
-1.09801
-1.09801
-1.09794
-1.09778
-1.09774
-1.09763
-1.09736
-1.09732
-1.09644
-1.09609
-1.09605
-1.0959
-1.0959
-1.09578
-1.09571
-1.09571
-1.09544
-1.09517
-1.09517
-1.09505
-1.09456
-1.09456
-1.09448
-1.09444
-1.09429
-1.09429
-1.09429
-1.09364
-1.09356
-1.09333
-1.09333
-1.09333
-1.09329
-1.09326
-1.09306
-1.09303
-1.09299
-1.09287
-1.09261
-1.09257
-1.09253
-1.09245
-1.09238
-1.0923
-1.09222
-1.09196
-1.09161
-1.09161
-1.09161
-1.09154
-1.0915
-1.09146
-1.09101
-1.09093
-1.09066
-1.09063
-1.09059
-1.09043
-1.0904
-1.09024
-1.09009
-1.08968
-1.0896
-1.08933
-1.08899
-1.08892
-1.08873
-1.08869
-1.08858
-1.08842
-1.08831
-1.08816
-1.08816
-1.08801
-1.08797
-1.08763
-1.08759
-1.08748
-1.0874
-1.08736
-1.08733
-1.08725
-1.08725
-1.08718
-1.08706
-1.08699
-1.08676
-1.08653
-1.08646
-1.08646
-1.08634
-1.08623
-1.08616
-1.08612
-1.08589
-1.0857
-1.0857
-1.08559
-1.08559
-1.08548
-1.0854
-1.0854
-1.08506
-1.08503
-1.0848
-1.08476
-1.08454
-1.08442
-1.08431
-1.0842
-1.08409
-1.08405
-1.0839
-1.08367
-1.08348
-1.08333
-1.08322
-1.08322
-1.08315
-1.083
-1.08243
-1.08225
-1.08221
-1.08199
-1.08191
-1.08176
-1.08172
-1.0815
-1.08131
-1.08101
-1.08098
-1.08086
-1.08064
-1.08056
-1.08049
-1.08038
-1.08027
-1.08019
-1.08001
-1.08001
-1.07963
-1.0796
-1.07956
-1.07948
-1.07919
-1.079
-1.07885
-1.0787
-1.07863
-1.07863
-1.07852
-1.07826
-1.07822
-1.07803
-1.078
-1.07781
-1.07777
-1.07777
-1.07729
-1.07722
-1.07703
-1.07684
-1.07655
-1.07651
-1.07647
-1.0764
-1.07607
-1.07599
-1.07596
-1.07588
-1.07562
-1.07536
-1.07518
-1.07514
-1.07503
-1.07496
-1.07485
-1.07466
-1.07448
-1.07422
-1.07396
-1.07385
-1.07381
-1.07363
-1.07359
-1.07344
-1.07341
-1.07337
-1.07333
-1.0733
-1.07289
-1.07289
-1.07289
-1.07241
-1.07238
-1.07216
-1.07186
-1.07179
-1.07175
-1.07175
-1.07172
-1.07153
-1.07153
-1.07153
-1.07142
-1.07131
-1.07098
-1.07091
-1.07073
-1.07069
-1.07069
-1.07065
-1.07054
-1.07029
-1.07014
-1.07003
-1.06996
-1.06988
-1.06974
-1.06941
-1.06933
-1.06908
-1.06901
-1.06897
-1.0689
-1.06871
-1.06857
-1.06842
-1.06828
-1.0682
-1.06806
-1.06806
-1.06798
-1.06798
-1.06795
-1.06787
-1.06773
-1.06762
-1.06722
-1.06718
-1.06711
-1.06664
-1.06664
-1.06653
-1.06645
-1.06624
-1.06616
-1.06598
-1.06595
-1.06587
-1.06584
-1.06565
-1.06562
-1.06558
-1.06558
-1.06555
-1.06555
-1.0654
-1.06526
-1.06522
-1.06511
-1.06497
-1.06497
-1.06486
-1.06478
-1.06464
-1.0646
-1.06457
-1.06439
-1.06431
-1.0642
-1.06413
-1.06406
-1.06402
-1.06399
-1.06399
-1.06355
-1.06344
-1.06344
-1.06337
-1.0633
-1.06294
-1.0629
-1.06283
-1.06279
-1.06276
-1.06258
-1.06251
-1.06236
-1.06232
-1.06222
-1.06207
-1.06204
-1.06204
-1.06196
-1.06171
-1.06171
-1.06157
-1.06153
-1.06142
-1.06132
-1.06114
-1.06103
-1.06078
-1.0607
-1.06067
-1.0602
-1.06016
-1.06013
-1.06002
-1.05998
-1.05995
-1.05991
-1.05973
-1.05955
-1.05941
-1.05934
-1.0593
-1.05894
-1.0588
-1.05873
-1.05859
-1.05859
-1.05855
-1.05848
-1.05844
-1.05837
-1.0583
-1.0583
-1.05823
-1.05808
-1.05798
-1.05787
-1.05783
-1.05773
-1.05751
-1.05744
-1.05744
-1.05737
-1.0573
-1.05726
-1.05719
-1.05687
-1.05687
-1.05673
-1.05665
-1.05665
-1.05658
-1.0564
-1.0564
-1.0563
-1.05615
-1.05612
-1.05612
-1.05608
-1.05587
-1.05587
-1.05583
-1.05569
-1.05544
-1.05523
-1.05487
-1.05484
-1.05484
-1.05484
-1.05473
-1.05473
-1.05462
-1.05462
-1.05445
-1.05427
-1.0542
-1.05413
-1.05405
-1.05374
-1.0537
-1.05349
-1.05349
-1.05345
-1.05345
-1.05306
-1.05303
-1.05285
-1.05285
-1.05278
-1.05267
-1.0526
-1.0526
-1.05249
-1.05221
-1.05214
-1.0521
-1.052
-1.05189
-1.05175
-1.05175
-1.05172
-1.05168
-1.05157
-1.05136
-1.05136
-1.05133
-1.05119
-1.05094
-1.0509
-1.05076
-1.05048
-1.05037
-1.05027
-1.05023
-1.0502
-1.05016
-1.04974
-1.04974
-1.04963
-1.04953
-1.04939
-1.04918
-1.04914
-1.04889
-1.04886
-1.04875
-1.04868
-1.04854
-1.04851
-1.04844
-1.0484
-1.04837
-1.0483
-1.04823
-1.04812
-1.04791
-1.04773
-1.04759
-1.04742
-1.04724
-1.04724
-1.04721
-1.04714
-1.04703
-1.04703
-1.04703
-1.04689
-1.04672
-1.04654
-1.04651
-1.04637
-1.04623
-1.04619
-1.04567
-1.0456
-1.0456
-1.0456
-1.04556
-1.04546
-1.04528
-1.04504
-1.0449
-1.04476
-1.04472
-1.04469
-1.04455
-1.04445
-1.04424
-1.04406
-1.04312
-1.04288
-1.04274
-1.0427
-1.04267
-1.0426
-1.0426
-1.04253
-1.04243
-1.04236
-1.04225
-1.04225
-1.04222
-1.04215
-1.04211
-1.04194
-1.04187
-1.04142
-1.04142
-1.04139
-1.04121
-1.0409
-1.04083
-1.0408
-1.04076
-1.04062
-1.04055
-1.04042
-1.0401
-1.0401
-1.04007
-1.03993
-1.0399
-1.03945
-1.03931
-1.03924
-1.03896
-1.03865
-1.03858
-1.03841
-1.03831
-1.03817
-1.03803
-1.03793
-1.03772
-1.03765
-1.03765
-1.03752
-1.03752
-1.03738
-1.03728
-1.03728
-1.03707
-1.03666
-1.03662
-1.03624
-1.03604
-1.03594
-1.0359
-1.03546
-1.03546
-1.03522
-1.03494
-1.03487
-1.0348
-1.0348
-1.0348
-1.03467
-1.03443
-1.03405
-1.03398
-1.03388
-1.03381
-1.03364
-1.03361
-1.03351
-1.03344
-1.03344
-1.03333
-1.0333
-1.0332
-1.03269
-1.03265
-1.03252
-1.03231
-1.03231
-1.0316
-1.03146
-1.03139
-1.03109
-1.03109
-1.03098
-1.03081
-1.03064
-1.03037
-1.0302
-1.03003
-1.03
-1.02983
-1.0298
-1.02963
-1.02959
-1.02956
-1.02939
-1.02939
-1.02932
-1.02878
-1.02875
-1.02858
-1.02854
-1.02837
-1.02794
-1.0278
-1.0278
-1.02777
-1.02763
-1.02756
-1.02756
-1.02753
-1.02736
-1.02733
-1.02729
-1.02716
-1.02713
-1.02696
-1.02669
-1.02625
-1.02598
-1.02584
-1.02584
-1.02578
-1.02578
-1.02551
-1.02551
-1.02534
-1.02534
-1.02527
-1.02517
-1.02517
-1.02514
-1.02511
-1.025
-1.025
-1.02487
-1.0247
-1.0246
-1.02457
-1.0245
-1.02437
-1.0243
-1.02403
-1.02393
-1.0238
-1.02376
-1.02343
-1.02319
-1.02313
-1.02303
-1.02296
-1.02289
-1.02283
-1.02283
-1.02273
-1.02266
-1.02266
-1.02263
-1.02263
-1.02259
-1.02256
-1.02256
-1.02236
-1.02236
-1.02226
-1.02219
-1.02206
-1.02186
-1.02176
-1.02159
-1.02149
-1.02149
-1.02142
-1.02139
-1.02132
-1.02122
-1.02112
-1.02089
-1.02076
-1.02056
-1.02056
-1.02049
-1.02039
-1.02026
-1.02012
-1.02012
-1.01999
-1.01989
-1.01989
-1.01982
-1.01982
-1.01976
-1.01976
-1.01966
-1.01949
-1.01946
-1.01936
-1.01929
-1.01899
-1.01893
-1.01886
-1.01866
-1.0185
-1.0184
-1.01833
-1.01806
-1.018
-1.01797
-1.01763
-1.01757
-1.0173
-1.01724
-1.01724
-1.01717
-1.01717
-1.01714
-1.01697
-1.01694
-1.01644
-1.01634
-1.01631
-1.01615
-1.01608
-1.01595
-1.01588
-1.01585
-1.01575
-1.01575
-1.01572
-1.01562
-1.01555
-1.01542
-1.01539
-1.01529
-1.01526
-1.01519
-1.01516
-1.01499
-1.01479
-1.01466
-1.0144
-1.0143
-1.01427
-1.01417
-1.0141
-1.01391
-1.01374
-1.01371
-1.01364
-1.01361
-1.01355
-1.01345
-1.01315
-1.01305
-1.01305
-1.01289
-1.01286
-1.01266
-1.01256
-1.01253
-1.0124
-1.01223
-1.0122
-1.012
-1.01194
-1.01184
-1.01171
-1.01168
-1.01135
-1.01125
-1.01089
-1.01083
-1.01076
-1.01066
-1.01053
-1.01027
-1.00985
-1.00981
-1.00981
-1.00978
-1.00968
-1.00959
-1.00942
-1.00933
-1.00929
-1.00868
-1.00864
-1.00838
-1.00835
-1.00835
-1.00815
-1.00815
-1.00806
-1.00799
-1.00789
-1.00777
-1.00764
-1.0076
-1.00757
-1.00738
-1.00731
-1.00725
-1.00695
-1.00695
-1.00686
-1.00682
-1.0066
-1.0066
-1.00647
-1.00621
-1.00611
-1.00608
-1.00608
-1.00585
-1.00563
-1.00546
-1.0054
-1.0053
-1.00521
-1.00511
-1.00495
-1.00492
-1.00492
-1.00475
-1.00475
-1.00469
-1.00469
-1.00463
-1.00456
-1.00456
-1.0045
-1.00446
-1.00446
-1.00443
-1.0044
-1.0044
-1.00424
-1.00414
-1.00395
-1.00388
-1.00382
-1.00363
-1.00324
-1.00318
-1.00289
-1.00289
-1.00282
-1.00273
-1.00266
-1.00247
-1.0024
-1.00234
-1.00231
-1.00228
-1.00224
-1.00215
-1.00208
-1.00186
-1.00186
-1.00183
-1.0017
-1.0017
-1.0015
-1.00144
-1.00134
-1.00131
-1.00128
-1.00125
-1.00112
-1.00099
-1.0009
-1.0009
-1.00083
-1.00077
-1.00067
-1.00064
-1.00038
-1.00029
-1.00026
-1.00013
-1.0001
21.0282
21.0424
21.1134
21.1134
21.1419
21.1562
21.2569
21.3148
21.4317
21.4464
21.4611
21.5498
21.5944
21.6243
21.6993
21.6993
21.7144
21.7597
21.8815
21.8815
21.8968
21.9121
21.9429
21.9583
21.9583
21.9583
21.9737
22.1135
22.1135
22.2077
22.2235
22.2393
22.2552
22.3187
22.3346
22.3506
22.3506
22.3666
22.4468
22.4629
22.4952
22.5276
22.5764
22.5927
22.5927
22.6091
22.6418
22.6746
22.7076
22.7571
22.7571
22.7737
22.8402
22.9071
23.0082
23.0761
23.1444
23.1444
23.1616
23.1787
23.2304
23.2823
23.2823
23.3344
23.4393
23.4569
23.4921
23.5274
23.5451
23.5451
23.5807
23.6699
23.7959
23.8141
23.8504
23.8686
23.9417
23.9968
23.9968
24.201
24.2197
24.4469
24.4852
24.6979
24.6979
24.8351
24.9143
24.9739
25.0139
25.0139
25.074
25.074
25.0942
25.1143
25.1547
25.2359
25.2971
25.2971
25.3792
25.4619
25.4826
25.5242
25.5659
25.6078
25.6288
25.7979
25.8405
25.8619
25.8619
25.9047
25.9692
25.9692
26.0993
26.2086
26.2086
26.2526
26.2747
26.8153
26.9307
27.2593
27.2593
27.3786
27.4266
27.6938
27.6938
27.7429
27.7675
27.7922
28.0917
28.1423
28.1423
28.3207
28.372
28.5794
28.6056
28.7899
28.7899
28.843
28.8696
28.9498
29.0035
29.0844
29.1657
29.4126
29.4403
29.6918
29.805
29.9476
30.1497
30.208
30.4136
30.4728
30.5323
30.5622
30.6821
30.7424
31.2961
31.4851
31.4851
31.5168
31.5168
31.5805
31.773
31.8053
31.9352
32.0005
32.099
32.099
32.4993
32.6009
32.669
32.979
32.979
33.0487
33.4731
33.5809
33.5809
33.6532
33.7987
33.9086
34.0563
34.0934
34.2802
34.3178
34.5071
34.5835
34.5835
34.6986
34.6986
34.7757
34.8144
34.8921
34.8921
34.9311
35.0093
35.0485
35.0878
35.1272
35.77
35.8109
36.0171
36.0586
36.0586
36.0586
36.142
36.142
36.352
36.4367
36.5218
36.5645
36.7795
36.9097
37.0408
37.1729
37.4398
37.6653
37.7562
38.0317
38.1709
38.3112
38.3582
38.4525
38.9796
38.9796
39.224
39.2733
39.3721
39.4218
39.976
39.976
40.0785
40.1299
40.3369
40.4412
40.4936
40.4936
40.5987
40.5987
40.5987
40.7043
40.7043
41.2411
41.6252
42.1299
42.1867
42.2437
42.4731
43.2962
43.3562
43.4164
43.7199
43.904
44.0276
44.0896
44.4026
44.4657
44.8483
45.9688
46.7242
47.0758
47.6495
47.6495
47.9417
48.0891
48.4617
48.688
48.688
48.84
48.84
49.2243
49.3798
49.6936
49.6936
50.1719
50.5775
51.2404
51.5784
51.9208
52.7973
53.3375
53.4286
53.9819
54.5467
55.2208
55.3185
56.3145
56.518
57.0333
57.1375
57.8776
58.5274
58.7473
58.8578
59.0802
59.0802
59.3042
60.3338
60.5675
61.2795
61.5205
61.6418
61.8857
62.0084
63.7786
64.5685
65.1062
65.6528
65.6528
66.2087
66.4902
67.0604
67.0604
67.4946
68.2307
70.0649
70.2222
70.6983
70.8585
71.0194
71.181
72.6694
74.2214
74.7536
75.8412
76.2108
76.3969
76.584
76.9609
77.7259
78.5062
79.1019
79.3024
80.1149
80.3206
80.7353
80.7353
82.4376
82.8745
83.0947
84.6693
86.0672
86.0672
87.512
87.7576
88.0045
89.0062
89.5157
89.7726
90.5523
90.5523
90.8152
91.3457
91.3457
96.7122
97.314
97.6177
97.9233
97.9233
97.9233
98.8517
99.1652
99.798
100.762
101.088
101.746
102.078
103.771
104.464
108.826
110.362
111.146
112.344
113.982
114.818
116.097
117.404
117.847
119.194
119.65
119.65
123.427
127.451
127.972
129.028
136.937
137.539
138.146
138.759
139.378
141.266
142.554
143.206
143.865
145.201
145.201
147.252
154.527
156.069
157.642
164.265
165.132
167.79
168.695
170.535
170.535
173.37
178.312
181.415
184.628
189.092
191.407
206.577
210.753
210.753
222.76
224.358
224.358
230.986
266.398
275.794
317.832
321.095
334.845
334.845
357.83
374.99
393.879
426.072
438.006
444.227
450.627
509.332
596.797
608.406
704.306
720.531
814.328
859.06
883.321
936.2
965.087
965.087
1281.39
3719.5
5782.41
